   13  3699.9  1962.4   6.1   1
   14  1117.7  1475.7   5.3   3
   14  3628.9   785.7   7.9   3
   14  3654.2   774.8   9.5   3
   15  1048.8  1478.6   5.3   2
   15  3539.5  1049.3   8.8   2
   16   970.5  1483.0   6.0   2
   16  3431.0  1260.2   5.8   2
   17   883.5  1491.1   6.0   2
   17  3293.8  1428.4   4.7   2
   18  3129.0  1553.9   7.6   2
   18   785.8  1499.9   6.0   2
   19  2953.3  1637.8  10.8   2
   19   676.9  1508.9   7.8   2
   20  2782.4  1688.5  13.3   2
   20   555.5  1518.1   6.6   2
   21  2643.0  1740.3  10.9   3
   21   419.3  1525.6   5.9   3
   21    12.9  1162.4  17.0   3
   22  2512.0  1809.9  14.1   3
   22   266.0  1525.1   4.4   3
   22   296.9  1390.6   8.1   3
   23  2375.6  1847.3  10.9   3
   23   439.9  1549.6  14.3   3
   23    96.6  1507.0   4.3   3
   24  2236.7  1875.4  15.7   2
   24   510.3  1612.2   6.5   2
   25  2095.6  1877.9  14.7   2
   25   526.4  1609.9  10.3   2
   26  1954.9  1862.0  10.5   2
   26   500.7  1596.3   6.8   2
   27  1812.7  1820.5   8.6   2
   27   446.9  1571.6   8.1   2
   28  1684.6  1770.9  11.0   2
   28   369.8  1528.8   7.4   2
   29  1552.5  1735.5   9.1   2
   29   275.8  1478.4   3.7   2
   30  1418.1  1703.9   6.5   2
   30   161.9  1423.9   8.5   2
   31  1284.1  1682.4   9.5   2
   31     6.1  1368.8   4.5   2
   32  1141.4  1678.8   7.6   1
   33   991.4  1686.1  11.5   1
   34   826.6  1702.5  11.1   1
   35   636.5  1723.7   7.3   1
   36   425.6  1779.0   5.2   1
   37   186.4  1846.1  10.6   1
   55  2146.4    31.4   9.2   1
   56  2168.8    94.0   6.9   1
   57  2188.4   155.1   6.8   1
   58  2212.8   215.4   9.3   1
   59  2227.1   274.9   5.8   1
   61  2263.6   390.5   4.4   1
   76  1330.1  1568.0   4.2   1
   81  1469.2  1540.1   4.5   1
   86  1630.3  1508.3   3.6   1
   89  1714.7  1470.6   3.5   1
   91  1761.4  1444.4   3.3   1
   93  1800.0  1422.5   3.6   1
   94  1818.5  1413.5   3.7   1
   95  1838.4  1406.9   4.5   1
   96  1859.6  1401.6   5.3   1
   97  1880.5  1396.0   4.1   1
   98  1903.9  1390.5   5.4   1
   99  1925.8  1384.4   3.6   1
  100  1951.9  1378.7   5.5   1
  101  1976.2  1370.7   4.7   1
  102  2002.0  1361.9   4.4   1
  103  2030.3  1351.1   6.6   1
  104  2058.8  1339.2   4.0   1
  105  2085.7  1325.1   5.4   1
  106  2116.5  1308.8   5.2   1
  107  2143.5  1290.8   4.6   1
  108  2176.2  1271.1   6.8   1
  109  2210.7  1248.6   4.3   1
  110  2242.4  1223.2   4.5   1
  111  2281.3  1197.4   6.4   1
  112  2316.1  1171.1   5.1   1
  113  2353.8  1141.8   5.9   1
  114  2404.3  1113.8   5.7   1
  115  2447.1  1077.1   6.0   1
  116  2503.7  1039.8   7.5   1
  117  2563.4  1001.2   4.7   1
  118  2627.8   955.4   3.9   1
  119  2702.5   912.5   8.0   1
  120  2776.4   862.9   7.6   1
  121  2863.0   811.3   4.9   1
  122  2956.6   752.5   9.1   1
  123  3042.7   682.9   8.1   1
  124  3147.9   610.4  10.7   1
  125  3247.9   522.8  10.5   1
  126  3355.1   427.6  13.6   1
  127  3472.5   322.8  11.4   1
  128  3593.3   215.6  14.9   1
  129  3722.2    95.0  11.5   1
  165  3105.0  1871.7   7.8   1
  167  2976.4  1719.0  10.5   1
  351  1085.3  1913.4   3.8   1
  434   132.0   905.0   4.2   1
  435   137.8   905.5   3.8   1
  436   142.4   905.9   4.5   1
  437   147.6   906.5   4.3   1
  438   152.3   906.6   3.8   1
  439   157.9   907.4   3.8   1
  506  2960.7  1827.5   3.6   2
  506  3770.8  1585.2   4.3   2
  517  2250.3  1768.1   8.4   1
  518  2571.7  1964.3  10.9   1
  593  2800.2  2086.7   7.6   1
  594  2800.5  2086.4   7.3   1
  595  2800.8  2086.4   8.1   1
  729  2284.6  1715.8   5.6   1
  730  1730.6  1448.8   5.0   1
  977  1692.2  1946.5   5.6   1
  978  2111.0  1973.4   5.0   1
  979  2559.9  1937.6   3.8   1
  984  3089.6  1680.0   3.4   1
  988  3204.8  1665.2   3.5   1
  992  3322.4  1648.6   3.3   1
  993  3353.0  1644.5   3.9   1
 1000  3583.8  1617.5   3.7   1
 1001  3619.2  1611.5   3.6   1
 1002  3655.5  1606.5   3.2   1
 1003  3693.2  1601.4   3.6   1
 1049   201.8  1777.2   3.5   1
 1050   382.8  1769.5   3.8   1
 1051   569.4  1734.6   3.3   1
 1053   915.9  1634.1   4.3   1
 1054  1090.0  1566.2   4.3   1
 1055  1281.4  1479.6   4.9   1
 1056  1485.5  1382.5   4.2   1
 1057  1704.3  1267.6   4.1   1
 1077  2606.3  1913.1   5.0   1
 1092  2607.8  1951.8  10.0   1
 1126  3205.7  1855.3   4.7   1
 1340  1502.6  1966.0   5.0   1
 1383  2901.4  1918.6   5.3   1
 1395  3100.2  2081.8   7.2   1
 1396  3100.7  2082.2   6.9   1
 1504  1232.0  1917.5   5.3   1
 1524  3193.4  1876.1   6.7   1
 1530  3730.2  1593.4   3.9   1
 1532  2960.8  1849.4   7.5   1
 1533  3458.8  1569.3   5.3   1
 1537  3506.5  1607.9   5.1   1
 1540  3419.4  1616.8   4.7   1
 1560  2103.0  1897.8   4.3   1
 1561  1823.8  1791.0   4.0   1
 1592  2330.4  1868.8   7.4   1
 1613  1120.4  1857.5   3.3   1
 1614  1276.4  1844.7   5.0   1
 1615  1548.7  1797.9   6.7   1
 1616  2163.7  1707.3   3.6   1
 1617  3557.5  1398.9   8.3   1
 1706  2464.8  1744.0   4.8   1
 1846  3349.9  1923.1   4.3   1
 1879  3049.8  1884.3  11.7   1
 1880  1660.3  1961.8  10.5   1
 1881   719.7  1752.8   4.6   1
 1882   235.5  1696.0   3.6   1
 1939  3379.3  1944.8   3.7   1
 2006  1002.5  1929.5   3.2   1
 2007  1379.0  1890.3   6.6   1
 2008  1998.9  1863.2   8.3   1
 2009  2852.8  1850.2   6.8   1
 2012  2606.8   951.6   3.6   1
 2017  2242.6  1239.6   3.7   1
 2018  2186.9  1275.9   4.4   1
 2020  2066.1  1370.9   4.3   1
 2021  1993.1  1406.9   4.2   1
 2022  1928.7  1441.1   4.0   1
 2023  1881.3  1455.4   5.3   1
 2024  1835.1  1464.1   4.2   1
 2025  1777.2  1492.6   3.6   1
 2027  1677.5  1542.2   4.6   1
 2028  1646.8  1553.2   3.5   1
 2029  1599.0  1590.8   4.3   1
 2030  1540.5  1629.6   3.3   1
 2031  1493.2  1641.6   3.6   1
 2032  1464.0  1658.0   4.0   1
 2033  1436.1  1680.3   4.0   1
 2035  1352.8  1773.4   3.6   1
 2036  1301.0  1836.0   4.5   1
 2037  1247.7  1878.4   3.5   1
 2039  1128.4  1910.8   3.6   1
 2054  1852.0  1976.3   7.6   1
 2090  3759.7  1659.6   4.7   1
 2093  3650.3  1652.7   6.7   1
 2096  3529.2  1643.5   8.9   1
 2097  3485.1  1647.9   4.3   1
 2098  3444.7  1636.1   5.1   1
 2099  3400.1  1639.0   7.4   1
 2100  3355.5  1643.2   5.4   1
 2101  3314.1  1637.4   8.1   1
 2103  3227.6  1641.8   3.9   1
 2104  3186.7  1640.7   8.5   1
 2105  3146.8  1647.8   4.6   1
 2107  3065.7  1653.9   4.4   1
 2108  3024.9  1660.7   6.7   1
 2109  2982.5  1658.8   4.7   1
 2111  2905.4  1672.2   4.8   1
 2112  2864.6  1668.8   5.3   1
 2115  2748.5  1678.0   4.6   1
 2116  2711.5  1687.6   3.7   1
 2118  2633.9  1687.2   4.0   1
 2119  2596.7  1695.1   4.5   1
 2120  2557.4  1690.2   5.0   1
 2123  2445.2  1688.0   4.0   1
 2126  2335.1  1682.0   5.9   1
 2127  2300.6  1681.4   3.3   1
 2130  2196.5  1677.1   5.7   1
 2131  2163.0  1678.5   5.0   1
 2132  2129.9  1684.4   5.7   1
 2133  2094.3  1684.6   4.6   1
 2136  1991.1  1696.0   4.4   1
 2141  1811.7  1717.7   3.7   1
 2142  1776.5  1725.1   4.9   1
 2145  1662.9  1737.3   4.0   1
 2146  1622.6  1731.2   5.3   1
 2149  1507.6  1730.3   6.2   1
 2150  1472.3  1726.3   5.3   1
 2159  1171.7  1651.5   4.0   1
 2160  1141.3  1647.9   4.1   1
 2161  1109.1  1638.9   5.8   1
 2164  1015.3  1625.4   6.1   1
 2165   986.4  1626.4   4.1   1
 2166   954.0  1618.4   7.6   1
 2169   870.4  1609.2   6.7   1
 2171   821.4  1607.5   7.2   1
 2173   780.5  1610.7   3.9   1
 2212   312.2  1609.2   3.5   1
 2238    13.2  1495.5   5.7   1
 2241    91.7  1505.2   7.3   1
 2243   158.2  1512.5   6.3   1
 2244   194.9  1515.4   4.0   1
 2246   276.5  1520.9   6.5   1
 2254  1843.1  1425.3  12.3   1
 2275  3487.5  1715.5   3.2   1
 2280  2562.4  1977.3  12.1   2
 2280  3213.5  1791.2   3.8   2
 2282  3007.8  1789.6   3.6   1
 2296   150.6  2154.6   7.3   1
 2319  2688.9  1957.5   5.1   1
 2320  2625.5  1907.1   6.8   1
 2321  2571.2  1868.8   5.6   1
 2322  2523.1  1836.0   4.4   1
 2323  2486.8  1813.8   3.5   1
 2333  1226.9  1589.1   4.1   1
 2388  2483.9  1547.4   3.8   1
 2389  2502.6  1541.4   3.3   1
 2393  2584.1  1514.4   3.6   1
 2398  2687.3  1471.2   3.7   1
 2399  2709.8  1461.5   3.7   1
 2400  2732.1  1452.0   4.1   1
 2401  2755.9  1443.4   3.8   1
 2402  2780.1  1434.6   3.8   1
 2403  2804.5  1425.5   3.2   1
 2404  2829.6  1416.5   4.3   1
 2405  2854.0  1406.9   4.1   1
 2406  2878.8  1397.6   3.6   1
 2408  2929.7  1378.4   4.1   1
 2409  2957.4  1368.9   4.8   1
 2410  2986.3  1358.8   4.5   1
 2411  3016.0  1348.7   3.9   1
 2412  3048.4  1338.5   4.3   1
 2413  3080.8  1328.2   4.4   1
 2414  3114.1  1317.5   4.0   1
 2415  3148.5  1306.4   4.1   1
 2416  3182.5  1294.2   5.1   1
 2417  3219.0  1281.6   4.1   1
 2418  3257.3  1268.8   4.8   1
 2419  3297.3  1256.6   5.0   1
 2420  3339.2  1244.8   4.4   1
 2421  3383.0  1232.5   3.9   1
 2423  3475.8  1207.4   3.5   1
 2429  3778.0  1116.0   3.4   1
 2430  3832.2  1098.5   3.8   1
 2459  1586.8  1858.2   3.9   1
 2461   574.2  1938.8   6.2   1
 2668  2925.3  1667.8   4.5   1
 2726     7.4   944.8   8.0   1
 2727    34.6   967.8   5.7   2
 2727    72.5   958.3   6.9   2
 2728    96.3   981.3   4.5   2
 2728   132.2   975.0   6.4   2
 2729   155.8   996.9   4.3   2
 2729   187.9   992.9   4.5   2
 2730   212.8  1011.9   4.6   2
 2730   238.1  1011.2   3.7   2
 2731   275.5  1029.7   6.4   1
 2732   321.0  1047.6   6.1   1
 2733   367.0  1065.7   8.0   1
 2734   407.6  1085.7   7.2   1
 2735   441.0  1114.4   7.7   2
 2735   452.3  1095.5   7.4   2
 2736   474.5  1137.8   7.1   2
 2736   488.5  1115.3   7.4   2
 2737   507.0  1159.5   6.3   2
 2737   521.1  1137.5   9.1   2
 2738   533.7  1180.9   6.2   2
 2738   551.6  1159.7  10.1   2
 2739   556.9  1201.1   4.4   2
 2739   580.7  1181.2  11.8   2
 2740   574.3  1219.7   3.5   2
 2740   604.2  1202.2  10.0   2
 2741   623.6  1221.7   7.5   1
 2747   646.6  1312.6   4.0   1
 2748   631.1  1325.0   5.2   1
 2749   610.7  1335.5   6.7   1
 2751   475.3  1353.5   4.1   1
 2752   451.1  1360.7   5.3   1
 2754   534.3  1392.8   3.9   1
 2758  2226.6   541.9   3.8   1
 2765   342.4  1450.3   3.5   1
 2766   340.3  1452.1   4.6   1
 2767   342.3  1455.9   5.9   1
 2768   346.4  1461.0   4.9   1
 2770   339.8  1460.4   3.5   1
 2771   343.8  1468.0   4.4   1
 2772   378.9  1490.9   4.1   2
 2772   350.4  1477.1   4.9   2
 2773   392.1  1502.2   4.9   2
 2773   359.7  1487.9   5.0   2
 2774   406.6  1515.2   5.0   2
 2774   371.4  1499.5   3.4   2
 2775   423.8  1530.3   4.2   1
 2776   442.5  1545.2   5.2   1
 2777   462.4  1559.1   6.3   2
 2777   423.4  1540.6   5.0   2
 2778   485.2  1573.2   6.1   2
 2778   443.8  1555.0   5.6   2
 2779   509.9  1586.2   6.0   2
 2779   466.2  1569.2   5.9   2
 2780   535.3  1598.3   4.0   2
 2780   491.8  1582.5   5.8   2
 2781   518.1  1594.4   6.3   1
 2782   595.3  1620.2   4.5   2
 2782   547.6  1605.6   6.0   2
 2783   624.5  1628.8   4.7   2
 2783   578.4  1616.0   5.1   2
 2784   654.9  1636.3   4.0   2
 2784   608.5  1624.6   4.1   2
 2785   685.1  1642.3   4.0   2
 2785   640.5  1631.9   3.8   2
 2786   715.0  1648.5   5.0   2
 2786   673.0  1637.4   4.2   2
 2787   745.1  1653.7   4.0   2
 2787   705.1  1641.6   3.8   2
 2788   774.2  1658.3   3.9   2
 2788   736.4  1645.7   4.3   2
 2789   803.5  1661.6   4.4   2
 2789   767.7  1648.7   4.3   2
 2790   832.2  1664.3   6.0   2
 2790   799.7  1650.8   4.9   2
 2791   861.0  1667.0   5.7   2
 2791   830.6  1652.6   6.8   2
 2792   889.8  1670.4   6.0   2
 2792   862.1  1655.7   6.0   2
 2793   919.1  1674.4   6.0   2
 2793   893.2  1657.5   3.8   2
 2794   949.3  1677.7   6.5   2
 2794   923.9  1660.0   4.5   2
 2795   979.5  1680.0   6.0   2
 2795   955.0  1662.7   5.9   2
 2796  1010.0  1680.7   5.9   2
 2796   985.8  1665.8   6.1   2
 2797  1041.9  1682.4   5.5   2
 2797  1016.6  1668.9   6.2   2
 2798  1073.3  1682.9   4.7   2
 2798  1047.5  1671.3   4.6   2
 2799  1104.7  1683.3   3.7   2
 2799  1079.6  1673.0   5.0   2
 2800  1135.0  1682.5   3.6   2
 2800  1110.4  1674.2   4.6   2
 2801  1140.8  1675.7   3.7   1
 2802  1195.3  1679.4   3.8   2
 2802  1171.6  1675.7   3.6   2
 2803  1224.1  1676.4   3.8   2
 2803  1202.0  1674.5   3.6   2
 2804  1253.0  1674.3   5.9   2
 2804  1232.0  1671.8   4.3   2
 2805  1271.8  1670.2   5.2   1
 2806  1289.6  1665.7   4.7   1
 2807  1327.5  1665.6   4.3   1
 2808  1354.9  1664.8   6.2   1
 2809  1382.8  1664.9   4.9   1
 2810  1419.5  1666.5   4.2   1
 2811  1438.3  1666.6   5.1   1
 2812  1466.2  1668.9   4.2   1
 2813  1493.8  1671.7   3.8   1
 2814  1521.7  1674.1   6.2   1
 2815  1559.5  1678.5   5.5   2
 2815  1539.6  1675.0   6.4   2
 2816  1587.7  1681.7   5.4   2
 2816  1567.5  1678.4   6.8   2
 2817  1616.2  1685.6   5.7   2
 2817  1595.5  1682.2   6.6   2
 2818  1643.9  1691.1   6.2   2
 2818  1623.9  1685.4   5.9   2
 2819  1672.0  1695.1   6.3   2
 2819  1651.9  1689.3   5.9   2
 2820  1699.4  1699.7   7.1   2
 2820  1679.9  1693.7   5.2   2
 2821  1717.4  1701.8   4.5   1
 2822  1752.0  1711.4   6.0   1
 2823  1770.9  1712.0   4.6   1
 2824  1797.8  1716.8   3.8   1
 2825  1823.9  1721.3   6.0   1
 2826  1849.9  1725.7   5.9   1
 2827  1875.9  1729.9   5.4   1
 2828  1898.5  1743.0   5.0   2
 2828  1905.4  1724.1   5.5   2
 2829  1921.0  1748.8   6.5   2
 2829  1934.1  1726.9   6.1   2
 2830  1944.5  1754.0   5.2   2
 2830  1962.4  1729.2   5.7   2
 2831  1968.2  1759.3   5.6   2
 2831  1990.3  1731.4   5.8   2
 2832  1993.0  1764.1   6.3   2
 2832  2018.2  1733.6   5.4   2
 2833  2019.2  1769.2   6.8   2
 2833  2045.3  1736.5   6.1   2
 2834  2046.2  1773.5   6.6   2
 2834  2072.2  1738.7   5.6   2
 2835  2074.5  1777.5   5.8   2
 2835  2099.5  1740.8   4.7   2
 2836  2103.2  1781.5   6.3   2
 2836  2129.5  1742.5   4.2   2
 2837  2132.6  1785.6   5.3   2
 2837  2157.0  1745.4   5.6   2
 2838  2161.9  1789.6   5.5   2
 2838  2185.4  1748.3   6.1   2
 2839  2191.9  1793.6   5.5   2
 2839  2214.7  1751.4   6.2   2
 2840  2221.8  1796.8   4.7   2
 2840  2245.2  1753.5   5.3   2
 2841  2252.0  1800.5   5.7   2
 2841  2277.1  1754.5   4.9   2
 2842  2282.2  1803.3   5.4   2
 2842  2309.3  1753.9   4.9   2
 2843  2312.6  1805.6   4.9   2
 2843  2341.8  1751.9   5.3   2
 2844  2343.0  1808.0   4.6   2
 2844  2376.0  1748.6   6.7   2
 2845  2373.1  1809.4   5.5   2
 2845  2410.2  1744.9   7.3   2
 2846  2403.3  1810.9   4.7   2
 2846  2444.8  1740.3   7.5   2
 2847  2434.2  1812.0   4.5   2
 2847  2480.1  1735.1   6.3   2
 2848  2465.0  1813.5   3.6   2
 2848  2515.2  1729.4   5.1   2
 2849  2495.7  1815.9   6.3   2
 2849  2552.0  1723.2   4.0   2
 2850  2526.5  1816.5   5.8   2
 2850  2588.5  1717.0   5.2   2
 2851  2559.0  1816.5   5.2   2
 2851  2625.9  1710.7   7.7   2
 2852  2591.2  1817.0   5.5   2
 2852  2662.9  1705.5   7.3   2
 2853  2623.5  1817.1   7.0   2
 2853  2701.2  1701.2   6.9   2
 2854  2656.4  1815.9   6.6   2
 2854  2740.3  1697.5   6.3   2
 2855  2691.0  1814.2   5.9   2
 2855  2780.0  1694.1   7.2   2
 2856   400.8  2035.2   6.2   3
 2856  2726.0  1811.4   5.2   3
 2856  2820.5  1690.8   7.4   3
 2857  2761.5  1809.0   6.4   2
 2857  2862.0  1687.5   8.3   2
 2858  2797.3  1805.9   7.5   2
 2858  2904.9  1683.2   8.7   2
 2859  2833.3  1801.8   7.1   2
 2859  2948.3  1678.2   8.6   2
 2860  2869.4  1797.1   4.9   2
 2860  2993.4  1672.3   8.7   2
 2861  2907.9  1792.0   4.6   2
 2861  3040.1  1665.2   6.8   2
 2862  2945.7  1786.7   6.7   2
 2862  3087.6  1658.7   5.8   2
 2863  2983.4  1781.7   7.4   2
 2863  3137.4  1651.3   6.8   2
 2864  3022.4  1776.9   6.7   2
 2864  3189.1  1643.8   8.0   2
 2865  3061.7  1772.0   6.8   2
 2865  3243.9  1636.5   9.2   2
 2866  3101.9  1767.9   7.4   2
 2866  3301.3  1629.4   8.8   2
 2867  3142.8  1763.6   8.6   2
 2867  3363.0  1622.6   8.9   2
 2868  3183.7  1759.0   7.9   2
 2868  3428.9  1615.6   9.0   2
 2869  3225.2  1754.9   5.9   2
 2869  3499.8  1608.6   9.0   2
 2870  3269.7  1749.9   5.7   2
 2870  3575.4  1600.9   8.5   2
 2871  3314.2  1745.5   6.5   2
 2871  3656.1  1592.2   9.7   2
 2872  3360.1  1741.0   6.1   2
 2872  3740.5  1582.8  10.3   2
 2873  3406.2  1736.0   6.4   2
 2873  3830.3  1572.4  10.2   2
 2874  3453.2  1730.8   7.0   1
 2875  3503.0  1724.7   7.6   1
 2876  3555.3  1718.4   7.6   1
 2877  3608.9  1711.9   8.1   1
 2878  3664.7  1705.6   7.3   1
 2879  3724.9  1699.2   7.0   1
 2880  3787.4  1693.0   8.6   1
 2885  1795.3  1822.5   5.3   1
 2928  2267.0  1665.5   3.6   1
 2931  2221.7  1664.1   4.0   1
 2955   575.2  1865.5   7.1   1
 2956   463.0  1552.3   4.0   1
 2963  2119.5  1678.4   3.3   1
 2964  2134.5  1677.6   3.3   1
 2965  2150.5  1677.4   3.3   1
 2967  2182.5  1676.4   3.3   1
 2968  2198.6  1675.4   3.3   1
 2998  2240.9  1581.1   4.3   1
 3001  2193.3  1578.2   4.5   1
 3004  2141.2  1579.5   3.8   1
 3006  2107.1  1583.7   3.6   1
 3007  2090.0  1586.0   4.5   1
 3040  2067.3  1621.0   4.0   1
 3041  2084.2  1618.5   3.8   1
 3042  2101.0  1616.0   4.2   1
 3043  2117.2  1612.6   3.6   1
 3044  2132.6  1609.6   3.3   1
 3045  2146.5  1607.0   3.6   1
 3066  2091.4  1563.4   5.3   1
 3069  2047.6  1559.2   5.2   1
 3082   174.6  1893.8   3.6   1
 3091  2492.9  1902.2   8.0   1
 3141  2835.9  1874.1   4.3   1
 3292  1683.7  1885.9  12.1   1
 3333  3004.7    45.2   5.6   1
 3334  2951.0   118.0   6.2   1
 3335  2888.8   183.4   3.6   1
 3336  2837.4   254.6   5.5   1
 3337  2798.2   310.8   8.4   1
 3338  2742.5   351.0   6.7   1
 3339  2721.6   411.2   7.2   1
 3340  2694.8   449.0   4.6   1
 3341  2707.8   504.1   6.1   1
 3342  2693.8   561.8   5.7   1
 3344  2692.4   672.4   6.0   1
 3345  2689.3   735.8   5.9   1
 3346  2685.5   791.0   6.7   1
 3348  2649.9   894.4   7.0   1
 3349  2624.2   928.9   6.1   1
 3355  2513.4  1164.8   4.9   1
 3357  2464.0  1254.4   6.6   1
 3359  2408.6  1343.0   5.2   1
 3360  2382.4  1365.4   3.3   1
 3364  2944.0  1553.0   3.4   2
 3364  2315.5  1467.5   5.5   2
 3366  2264.8  1537.5   4.7   1
 3367  2242.7  1560.4   5.6   1
 3373  2122.5  1702.0   3.6   1
 3382  1400.9  2089.6   6.4   1
 3383  1400.7  2089.5   6.0   1
 3384  1400.2  2089.9   6.1   1
 3385  1400.0  2090.1   5.8   1
 3534  1400.5  2090.9   5.0   1
 3535  1400.5  2090.5   4.7   1
 3536  1400.0  2090.7   4.7   1
 3623  2567.5  1962.8   5.2   1
 3624  2515.6  1755.3   5.1   1
 3625  2372.6  1460.2   3.6   1
 3655  1631.6  1953.5   5.5   1
 3672  3236.7  1823.1   5.4   1
 3700  1400.9  2139.9   4.3   1
 3804  1009.0  1715.5   3.6   1
 3805   981.2  1766.4   5.3   1
 3806   954.0  1776.7   6.2   1
 3807   932.7  1767.2   7.8   1
 3808   922.9  1722.6  14.9   1
 3811  2698.6   581.2   8.9   1
 3822  1192.9  1468.9   4.2   1
 3824  1018.1  1876.8  10.7   2
 3824  1149.4  1465.8   4.6   2
 3826  1105.5  1464.6   4.4   1
 3831   994.3  1467.4   3.5   1
 3833   951.4  1468.7   4.6   1
 3860   700.8  2016.9   6.9   1
 3875    30.0  1172.8  11.0   1
 3876   138.9  1256.6   4.2   1
 3879   140.7  1385.2   4.8   2
 3879   162.9  1381.6  12.7   2
 3889   543.2  1940.9   8.6   1
 3924  1898.2  1817.4   4.5   1
 3949  1761.0  1185.7   3.9   1
 3956   176.5  1571.7   4.5   1
 3982  2841.5  1267.9   4.1   1
 3983  2909.5  1249.0   3.6   1
 3984  2979.1  1227.8   5.9   1
 3985  3006.0  1200.5   4.1   1
 4003    61.3  1665.0   6.5   1
 4004   225.9  1656.2   6.7   1
 4005   381.3  1656.0   8.1   1
 4006   519.2  1655.3  10.3   1
 4007   628.0  1656.5   9.0   1
 4008   704.0  1653.5   3.6   1
 4010   792.1  1638.0   4.2   1
 4011   822.6  1614.5   8.1   1
 4012   883.9  1570.8  10.3   1
 4013   959.8  1522.2   9.1   1
 4014  1030.0  1457.9   8.9   1
 4015  1089.0  1391.8   7.0   1
 4016  1170.2  1341.2   9.1   1
 4017  1303.4  1291.8   9.3   1
 4018  1525.0  1216.1  16.8   1
 4019  1767.1  1134.4   8.8   1
 4020  1980.6  1079.7   6.4   1
 4021  2102.0  1077.1   6.8   1
 4022  2180.3  1112.1   7.6   1
 4023   400.0  2043.9  10.3   2
 4023  2263.5  1173.6   9.6   2
 4024  2270.8  1269.4   5.2   1
 4025  2198.7  1348.6   7.8   1
 4026  2069.7  1404.9   5.0   1
 4027  1907.9  1440.2   5.9   1
 4028  1715.7  1449.6  10.5   1
 4029  1518.1  1419.8  12.1   1
 4030  1313.4  1372.4   9.7   2
 4030   171.2    12.2   7.8   2
 4031   580.1  1857.0   6.2   3
 4031  1105.1  1346.1  12.0   3
 4031   182.3    53.4   7.5   3
 4032   896.9  1276.5   6.9   2
 4032   184.3    89.3   7.7   2
 4033   709.2  1180.9   4.6   2
 4033   178.5   121.0   6.5   2
 4034   554.9  1086.6  13.5   2
 4034   163.0   146.6   4.9   2
 4035   142.6   168.0   3.4   1
 4036   209.6   988.3   7.0   1
 4037     7.9   999.6   3.8   2
 4037    70.1   193.4   3.8   2
 4109  2203.2   791.4   3.6   1
 4146  3729.5  1930.5   5.8   1
 4147  3596.7  1954.6   6.7   1
 4148  3457.0  1969.4  10.8   1
 4149  3309.7  1979.7   8.2   1
 4150  3161.1  1976.2   6.8   1
 4151  3013.1  1970.8   6.9   1
 4152  2872.4  1951.1   5.1   1
 4153  2736.5  1935.4  11.4   1
 4154  2602.1  1912.5  10.8   1
 4155  2471.8  1893.0   7.5   1
 4156  2345.9  1870.1   7.2   1
 4157  2219.9  1851.3   8.5   1
 4158  2091.9  1828.9   9.8   1
 4162  1703.4  1782.1   7.2   1
 4163  1640.6  1776.0  10.3   1
 4164  1543.8  1771.5   7.9   1
 4166  1326.5  1767.0   5.0   1
 4167  1210.1  1768.2   4.2   1
 4170   839.4  1733.2   5.7   1
 4171   709.1  1703.1   7.9   1
 4172   570.0  1661.7   8.7   1
 4173   434.3  1606.3   5.6   1
 4193   246.0  1790.4   3.9   1
 4194   381.9  1792.2   5.3   1
 4195   519.4  1796.2   5.8   1
 4196   647.1  1788.1   5.1   1
 4197   754.7  1774.4   7.7   1
 4198   833.0  1753.8   8.0   1
 4231  2601.8   419.6   3.6   1
 4232  2586.0   415.2   4.0   1
 4233  2569.0   411.0   4.2   1
 4234  2551.5   408.1   4.0   1
 4241  2441.9   417.6   3.8   1
 4256  2430.6  1941.1   5.0   1
 4290  2715.0   173.5   3.6   1
 4292  2683.1   163.0   3.9   1
 4294  2648.0   155.5   3.6   1
 4295  2629.9   153.4   3.6   1
 4300  2547.8   157.6   3.6   1
 4301  2532.9   161.6   3.8   1
 4302  2519.5   166.6   3.3   1
 4303  2507.0   172.6   3.9   1
 4304  2495.8   180.4   3.6   1
 4310  3430.5  1790.6   5.7   1
 4311  3021.7  1829.7   3.6   1
 4312  2714.2  1847.3   3.9   1
 4313  2459.7  1854.9   3.6   1
 4319  1874.5   975.0   4.6   1
 4321  1854.1   980.9   6.2   1
 4322  1839.8   985.3   7.0   1
 4323  1827.0   986.1   6.2   1
 4324  1811.6   987.9   6.8   1
 4325  1796.9   988.4   6.8   1
 4326  1782.5   988.4   7.2   1
 4327  1768.5   987.8   7.1   1
 4328  1755.0   985.9   6.2   1
 4329  1743.3   983.4   5.4   1
 4330  1733.5   979.8   4.7   1
 4331  1725.3   974.7   3.9   1
 4342  1779.1   847.1   4.4   1
 4343  1792.6   833.6   3.3   1
 4344  1807.9   820.6   3.8   1
 4345  1824.4   807.5   7.4   1
 4346  1845.8   795.9   5.9   1
 4347  1867.7   783.1   4.7   1
 4348  1892.2   771.0   6.7   1
 4349  1918.6   757.0   5.0   1
 4350  1944.9   744.2   4.4   1
 4351  1970.6   732.5   8.9   1
 4352  1998.8   723.5   6.3   1
 4353  2026.3   715.2   7.9   1
 4354  2055.5   708.0   8.6   1
 4355  2084.7   704.1   4.9   1
 4356  2115.9   700.6   9.1   1
 4357  2145.9   700.1   6.2   1
 4358  2175.7   701.1   4.7   1
 4359  2206.1   703.6   5.9   1
 4360  2234.7   706.6   5.1   1
 4368   985.9  1845.1   4.4   1
 4386  1400.3  2122.6   8.1   1
 4387  1400.6  2122.5   7.7   1
 4397  2322.1   977.4   3.8   1
 4400  2254.7   984.7   3.6   1
 4402  2208.5   984.5   3.2   1
 4404  2163.6   985.0   7.5   1
 4405  2139.5   986.6   3.3   1
 4406  2117.9   988.6   5.7   1
 4407  2095.4   990.2   7.7   1
 4409  2052.8   999.0   6.3   1
 4410  2032.6  1005.5   5.2   1
 4411  2207.4  1822.4   3.3   1
 4412  1995.4  1019.4   5.4   1
 4454  2216.6  1919.3   3.5   1
 4458  2457.4  1936.8   3.6   1
 4563  1994.5  1970.6   5.2   1
 4621  1875.5  1852.0   3.6   1
 4622  1933.5  1833.4   5.3   1
 4623  1990.5  1809.9   5.4   1
 4624  2041.1  1781.2   4.2   1
 4625  2067.6  1753.4   4.1   1
 4626  2086.8  1721.6   8.6   1
 4627  2108.4  1663.1   7.1   1
 4628  2144.1  1607.3   5.7   1
 4629  2194.6  1569.6   7.3   1
 4630  2267.0  1508.5  10.2   1
 4631  2372.7  1433.6  11.7   1
 4632  2516.8  1331.6  14.2   1
 4633  2762.8  1202.0  14.7   1
 4634  3056.3  1049.5  10.4   1
 4635  3396.6   907.2   8.2   1
 4636  3811.6   786.2   7.5   1
 4666  1021.6  1484.6   3.3   1
 4667  1329.2  1504.0   6.3   1
 4668  1968.9  1639.0   9.5   1
 4669  3082.0  1857.2  10.7   1
 4711    25.5  1495.7   3.5   1
 4783  3820.8    47.1   7.5   1
 4784  3730.1   106.1   8.6   1
 4785  3639.3   166.8  15.3   1
 4786  3564.7   220.4   8.7   1
 4787  3487.8   279.1  11.7   1
 4788  3419.7   333.8  11.5   1
 4789  3360.5   386.8   9.2   1
 4790  3301.3   440.7  11.5   1
 4791  3249.3   487.6   8.7   1
 4792  3200.2   533.9   7.7   1
 4793  3151.8   578.3   8.0   1
 4795  3074.5   653.6   5.1   1
 4796  3037.9   689.0   4.6   1
 4798  2976.8   755.4   5.2   1
 4799  3827.5  1460.4  10.2   1
 4800  3690.5  1519.0  13.6   1
 4801  3584.4  1561.3  11.8   2
 4801  2906.5   849.5   3.2   2
 4802  3516.5  1591.4  10.6   1
 4803  3484.9  1612.8   7.9   2
 4803  2858.0   909.6   4.1   2
 4804  3488.6  1627.9   5.0   1
 4805  2852.7   981.6   5.4   1
 4808  2790.6  1071.5   4.5   1
 4810  3737.4  1713.1   4.0   2
 4810  2787.3  1131.3   3.7   2
 4811  2750.4  1151.4   4.5   1
 4849   974.5  1858.7   5.6   1
 4895    55.5  1657.4   3.3   1
 4943  2794.6  1567.3   5.0   1
 5018  3799.5  1140.6   5.1   1
 5019  3765.1  1185.1   6.8   1
 5020  3702.4  1212.4   7.8   1
 5021  3663.2  1246.4   3.7   1
 5022  3634.3  1279.0   5.2   1
 5023  3579.8  1300.0   8.3   1
 5024  3546.4  1324.6   3.3   1
 5026  3474.0  1361.3   6.3   1
 5029  3381.3  1401.5   4.9   1
 5031  3324.2  1420.2   5.6   1
 5034  3255.8  1442.4   6.8   1
 5037  3198.7  1460.8   4.6   1
 5042  3117.6  1486.2   5.3   1
 5047  3063.4  1544.4   5.3   1
 5051  3037.4  1598.8   4.6   1
 5052  3022.0  1608.5   4.2   1
 5057  2985.5  1667.0   3.6   1
 5113  3022.0  1821.0   4.5   1
 5119   261.8  1419.5   4.6   1
 5120   309.5  1424.5   5.1   1
 5123   453.9  1435.7   3.8   1
 5129   744.0  1450.0   3.4   1
 5130   791.3  1451.4   4.2   1
 5131   838.8  1453.0   4.9   1
 5132   885.9  1455.1   4.6   1
 5133   932.5  1458.0   5.4   1
 5134   979.7  1461.2   7.1   1
 5135  1027.9  1464.5   6.1   1
 5136  1076.2  1468.0   5.4   1
 5137  1125.5  1472.1   5.0   1
 5138  1175.1  1476.9   5.5   1
 5139  1224.8  1482.2   5.8   1
 5140  1275.4  1488.3   5.9   1
 5141  1325.8  1494.6   5.4   1
 5142  1377.0  1502.0   5.7   1
 5143  1428.7  1510.0   6.6   1
 5144  1481.7  1518.7   5.7   1
 5145  1535.0  1527.0   5.7   1
 5146  1590.0  1535.0   5.7   1
 5147  1645.8  1542.1   5.3   1
 5148  1702.3  1548.1   5.8   1
 5149  1760.1  1553.0   5.9   1
 5150  1819.1  1556.1   7.3   1
 5151  1878.7  1557.4   7.1   1
 5152  1939.2  1556.7   7.8   1
 5153  2000.3  1554.4   8.1   1
 5154  2061.6  1550.1   7.2   1
 5155  2123.6  1544.4   7.3   1
 5156  2185.1  1537.3   6.8   1
 5157  2246.4  1529.9   4.9   1
 5158  2307.1  1521.8   6.4   1
 5159  2367.4  1513.6   7.2   1
 5160  2428.0  1505.1   6.0   1
 5161  2488.1  1496.7   6.2   1
 5162  2547.8  1488.9   6.0   1
 5163  2607.5  1481.5   5.8   1
 5164  2667.5  1475.2   6.3   1
 5165  2727.9  1471.3   7.8   1
 5166  2788.4  1467.1   6.8   1
 5167  2850.1  1463.6   7.9   1
 5168  2912.9  1462.6   8.9   1
 5169  2977.5  1461.8   7.8   1
 5170  3043.0  1461.6   7.5   1
 5171  3109.9  1461.4   7.9   1
 5172  3178.4  1460.5   8.8   1
 5173  3247.8  1458.9   8.4   1
 5174  3318.4  1456.8   6.2   1
 5175  3392.7  1453.5   7.4   1
 5176  3465.7  1451.4   8.4   1
 5177  3540.4  1449.7   9.1   1
 5178  3616.5  1451.4   6.9   1
 5179  3693.6  1453.7   7.7   1
 5180  3772.4  1457.2   8.5   1
 5185   615.8   370.9   8.8   1
 5221  3327.5    56.9   4.6   1
 5222  3282.4    93.3   4.3   1
 5224  3195.6   162.9   4.8   1
 5226  3115.3   230.7   3.7   1
 5229  3003.8   326.7   3.9   1
 5230  2969.4   357.9   3.7   1
 5257  2134.8  1875.9   4.4   1
 5258  2731.7  1766.1   4.7   1
 5259  3582.0  1447.4   5.0   1
 5289   677.6  1814.4   5.4   1
 5293  3452.6  1780.6   3.3   1
 5382  2414.7   629.6   8.6   2
 5382  2434.5   626.8   8.5   2
 5383  2446.0   831.6   6.8   1
 5384  2475.2   979.1   7.2   1
 5385  2525.7  1092.4  12.9   1
 5387  2617.1  1232.5   4.8   1
 5388  2670.0  1296.4   7.6   1
 5389  2728.9  1368.7   8.3   1
 5390  2791.6  1431.3   7.3   1
 5391  2842.7  1488.4   7.4   1
 5392  2890.9  1551.5   6.5   1
 5393  2939.3  1631.6   9.4   1
 5394  2985.3  1701.5   7.9   1
 5395  3019.5  1758.4   5.9   1
 5396  3040.9  1804.3   4.3   1
 5399  3058.7  1912.4   3.5   1
 5400  3029.9  1941.7   4.0   1
 5409  2499.5  1979.9   6.0   1
 5410  2442.4  1941.1   4.9   1
 5411  2381.2  1905.5   3.6   1
 5415  2139.5  1846.0   6.1   1
 5416  2077.5  1832.2   3.6   1
 5417  2013.1  1822.5   5.0   1
 5418  1948.7  1810.1   5.9   1
 5422  1674.0  1767.8   7.2   1
 5423  1599.9  1757.9   4.3   1
 5424  1523.9  1748.9   4.2   1
 5429  1106.3  1700.0   6.0   1
 5431   919.4  1649.2   5.1   1
 5472  1321.2  1847.6   3.6   1
 5501  1498.2  1969.4   8.1   1
 5530  1418.6   968.1   3.9   1
 5533  1875.3   621.9   9.7   1
 5534  2096.1   447.1  13.4   1
 5535  2365.2   304.2  18.0   1
 5536  2637.7   249.2   8.0   1
 5607  1391.5  1528.4   4.4   2
 5607  3654.7  1345.9   4.4   2
 5608  3228.0  1556.6   5.2   1
 5609  3123.3  1731.1   4.7   1
 5610  3049.0  1924.0   4.0   1
 5615  1959.4  1493.6   9.2   1
 5616  1929.1  1464.8   6.7   1
 5617  1885.5  1439.4   4.1   1
 5618  1833.8  1413.5   3.8   1
 5619  1777.5  1385.9   7.0   1
 5620  1710.4  1350.4  11.3   1
 5621  1605.9  1297.3   5.1   1
 5623  1426.5  1128.7   9.3   1
 5624  1363.3  1034.8   4.7   1
 5627  1073.0   888.8   7.1   1
 5628   894.2   853.3   5.9   1
 5629   686.7   832.8   9.7   1
 5630   514.9   835.3   5.0   1
 5631   378.7   841.7   6.9   1
 5640   622.0  1194.1   5.1   1
 5642   892.3  1251.0   4.1   1
 5645  1286.9  1336.2   4.9   1
 5646  1418.2  1354.4   7.8   1
 5647  1537.6  1365.9   8.3   1
 5648  1630.5  1360.2   3.8   1
 5653  2110.7  1191.3   4.1   1
 5654  2209.8  1115.3   6.6   1
 5655  2312.2  1017.2   5.3   1
 5657  2505.5   763.2   4.3   1
 5658  2697.0   652.9  10.2   1
 5659  2961.0   574.8   6.1   1
 5660  3279.3   473.9   5.6   1
 5661  3618.6   331.2  10.8   1
 5673  3184.2  1515.7  13.4   1
 5678    56.5  1086.3   4.2   1
 5679  3100.6  2084.7  11.9   2
 5679   134.3  1093.4   4.1   2
 5680   211.7  1101.2   4.6   1
 5681   289.1  1109.4   4.1   1
 5682   366.4  1118.8   4.1   1
 5683   443.4  1127.8   5.0   1
 5684   519.9  1137.1   8.3   1
 5685   595.6  1145.4   3.2   1
 5686   671.5  1154.4   7.3   1
 5687   746.7  1162.5   3.3   1
 5688   819.8  1170.1   4.2   1
 5689   892.0  1177.8   7.4   1
 5690   963.7  1185.5   3.5   1
 5691  1034.5  1193.1   7.8   1
 5692  1104.8  1200.5   8.1   1
 5693  1175.0  1207.5   3.9   1
 5694  1244.5  1213.3   3.7   1
 5695  3100.2  2085.6   4.5   2
 5695  1314.3  1219.3   3.7   2
 5696  1383.5  1224.3   3.3   1
 5697  1452.7  1229.3   3.7   1
 5698  1521.2  1235.0   4.2   1
 5699  1589.5  1240.4   8.4   1
 5700  1658.1  1246.0   8.6   1
 5701  1726.2  1251.5   8.9   1
 5702  1794.6  1256.7   4.2   1
 5703  1863.0  1262.0   4.5   1
 5704  1931.6  1268.0   5.0   1
 5705  2000.5  1273.5   3.7   1
 5706  2068.7  1280.2   3.3   1
 5707  2137.5  1286.4   3.8   1
 5708  2206.2  1293.1   4.5   1
 5709  2274.8  1300.2   4.6   1
 5710  2343.2  1307.8   4.6   1
 5711  2411.7  1315.1   8.7   1
 5712  2479.9  1322.8   4.6   1
 5713  2547.3  1330.8   5.9   1
 5714  2613.3  1340.0   4.6   1
 5715  2678.9  1350.0   4.5   1
 5716  2743.3  1361.5   4.5   1
 5717  2807.9  1373.2   4.3   1
 5718  2870.2  1386.1  12.1   1
 5719  2931.6  1398.3  11.7   1
 5720  2991.8  1411.4  11.7   1
 5721  3051.0  1425.5  10.5   1
 5722  3109.3  1440.5  11.0   1
 5723  3166.5  1455.8  10.7   1
 5724  3223.4  1471.2  10.1   1
 5725  3279.3  1485.7   9.6   1
 5726  3334.4  1499.7   9.2   1
 5727  3388.8  1513.0   7.7   1
 5728  3442.2  1525.3   7.8   1
 5729  3496.3  1537.2   8.4   1
 5730  3549.8  1547.8   7.9   1
 5731   574.2  1863.6   3.9   2
 5731  3601.0  1557.9   7.3   2
 5732  1104.4  1781.6   4.9   2
 5732  3650.6  1567.2   6.4   2
 5733  1403.1  1846.5  10.6   2
 5733  3699.9  1575.8   4.5   2
 5734  1639.3  1909.1   9.1   5
 5734  3748.6  1584.2   4.3   5
 5734  1541.4   213.9  16.9   5
 5734  1553.5   188.2  16.6   5
 5734  1569.5   165.7   8.7   5
 5735  1807.7  1946.0   6.7   4
 5735  3795.3  1591.5   4.6   4
 5735  1991.1   499.3   6.2   4
 5735  2010.1   473.2  15.6   4
 5736  2215.0   739.3  13.2   2
 5736  2236.4   714.0   9.6   2
 5737  2288.1   919.8   9.2   1
 5738  2292.5  1093.2   5.7   1
 5739  2997.4  1828.6   3.3   3
 5739  2302.1  1209.0   6.4   3
 5739  2273.2  1209.2  13.4   3
 5740  2289.7  1248.9  11.7   2
 5740  2275.3  1228.2   7.7   2
 5741  2297.9  1261.9  10.3   2
 5741  2308.7  1242.2   8.8   2
 5742  2277.5  1278.1   7.2   1
 5743  2198.0  1308.0  13.0   1
 5744  2085.7  1336.2  12.4   1
 5745  1944.2  1363.9  11.1   1
 5746  1793.3  1353.0  10.9   1
 5747  1627.3  1328.4   9.1   1
 5748  1462.0  1299.4  10.8   1
 5749  1295.7  1259.0   8.0   1
 5750  1109.6  1236.3   8.9   1
 5751   876.1  1273.3   8.6   1
 5752   565.7  1375.1   9.2   1
 5753   111.3  1471.6   6.9   1
 5770   801.4  1665.1  13.7   1
 5774  1718.1  1900.0   4.6   1
 5775  2391.1  1700.5   4.9   1
 5812  1062.9  1599.7   7.9   1
 5813  2060.6  1704.2   8.5   1
 5814  2820.6  1820.6   6.0   1
 5815  3319.9  1921.7   5.7   1
 5830  2618.7  1815.1   4.7   1
 5950   769.3  1819.3   6.6   1
 6062  1583.2    28.5  10.3   1
 6141  1477.3  1853.6   5.1   1
 6142   997.0  1910.0   5.7   1
 6336  3537.0  1343.0   4.5   1
 6337  3154.2  1660.1   5.3   1
 6338  2912.0  1859.2   4.3   1
 6360  2638.1  1369.1   4.3   1
 6361  2508.8  1834.2  10.1   2
 6361  3612.1  1577.1   7.1   2
 6674  3730.0  1919.3  11.1   1
 6675  2626.0  1574.1   8.8   1
 6676  1920.7  1460.8   6.3   1
 6677  1218.3  1432.8   5.2   1
 6689  2800.3  2090.6   5.3   1
 6690  2800.3  2090.5   5.1   1
 6724  3110.9   521.6   4.9   1
 6726  1743.6  1727.8   5.0   1
 6738  3039.4  1978.5   4.7   1
 6788  1951.7  1524.1   3.9   1
 6805  2200.1   967.9   4.2   1
 6864  3171.7  1483.5   8.4   1
 6898   403.9  1753.9   4.6   1
 6984  1144.8  1878.3   7.1   1
 7075  1232.7   962.4   4.3   1
 7076  1156.5  1005.0   3.6   1
 7090  1345.3  1443.4   5.5   1
 7091  1376.2  1483.9   3.6   1
 7100  1339.5  1938.8   3.8   1
 7101  1337.6  1893.2   4.5   1
 7102  1318.0  1853.3   4.0   1
 7103  1291.5  1803.5   3.2   2
 7103   599.4  1419.3   7.0   2
 7104  1257.8  1792.5   3.8   1
 7105  1227.4  1827.7   5.4   1
 7106  1244.2  1890.4   5.9   1
 7107  1310.0  1902.1   7.3   1
 7108  1397.6  1877.8   9.2   1
 7109  1462.2  1778.7  10.7   1
 7110  1481.1  1620.7  10.9   1
 7111  1441.7  1379.4  11.0   1
 7112  1309.6   983.6   8.3   1
 7145  2795.4  1979.5   3.3   1
 7146  2800.4  1963.6   6.0   1
 7147  2871.4  1908.7   7.9   1
 7148  3060.9  1752.8   8.4   1
 7149  1775.0  1655.1   4.1   2
 7149   919.0  1196.5   3.9   2
 7150  2031.6  1888.7   7.5   1
 7161  3710.4  1461.2   6.3   1
 7162  3555.1  1434.3   5.8   1
 7163  3398.1  1424.4   5.8   1
 7164  3237.6  1396.8   6.5   1
 7165  3070.3  1377.8   6.2   1
 7166  2910.5  1365.0   3.9   1
 7167  2752.4  1369.7   5.1   1
 7168  2597.1  1367.6   9.7   1
 7169  2454.6  1382.4  14.3   2
 7169  3150.0  1955.7  14.2   2
 7170  2329.3  1404.4  10.3   1
 7171  2209.2  1427.6  12.0   1
 7172  2097.2  1437.9   9.5   1
 7173  1993.1  1445.9   4.3   1
 7174  1255.0  1902.0   4.5   2
 7174  1898.6  1446.3   7.7   2
 7175  1555.8  1874.5   6.4   2
 7175  1818.0  1449.4   4.9   2
 7176  1957.4  1824.0   6.8   2
 7176  1743.2  1452.3   6.2   2
 7177  2555.7  1675.2   3.7   2
 7177  1660.7  1445.2   3.7   2
 7179  1487.9  1459.7   3.8   1
 7181  1327.1  1493.2   5.7   1
 7182  1253.9  1512.9  11.1   1
 7185  1076.8  1569.5   3.7   1
 7186  1027.2  1579.1   6.0   1
 7208  3346.9   933.6   4.9   1
 7209  3229.3   932.3   6.6   1
 7210  3107.2   928.2   5.7   1
 7211  2985.0   927.3   6.0   1
 7212  2863.8   930.1   7.6   1
 7213  2751.6   936.9   6.8   1
 7214  2653.9   942.0   5.5   1
 7215  2574.5   947.5   3.2   1
 7218  2451.0  1034.0   4.2   1
 7221  2353.6  1088.8   7.2   1
 7266  1973.9  1749.6   5.5   1
 7267  1714.6  1296.6   4.9   1
 7270  3048.7  1911.6   3.8   1
 7281  1066.1   529.3   3.6   1
 7283   811.5   870.6   4.4   1
 7284   757.4   828.6   5.3   1
 7285   716.7   803.0   4.0   1
 7315  1653.7   252.5   4.5   1
 7316  1588.2   249.7   3.7   1
 7317  1517.8   258.8   4.4   1
 7385  3091.9   168.1   7.4   1
 7386  2990.8   169.5   6.7   1
 7404   724.0  1535.1   7.0   1
 7405  1549.7  1735.5   8.5   1
 7406  2209.0  1902.7   8.0   1
 7407  1163.5   196.5   4.2   1
 7450  1813.4   857.1   3.8   1
 7452  2044.1   769.0   7.0   1
 7454  2292.6   673.5   3.3   1
 7578  1036.0  1851.5   3.9   1
 7736  3485.1  1919.2   4.3   1
 7892  3100.0  2085.0   6.3   1
 7893  3100.0  2085.3   6.0   1
 7894  3100.3  2085.1   6.2   1
 7895  3100.5  2085.1   6.0   1
 7896  3100.8  2085.1   6.0   1
 7897  3100.9  2085.1   6.1   1
 7905  2588.8  1318.0   4.1   1
 7917  2771.5   284.6   4.3   1
 7933   171.4  1125.8   5.6   1
 7938  1112.5    99.5   3.2   1
 7939  1371.3   253.1   7.7   2
 7939  1388.2   234.8   6.1   2
 7940  3004.4  1659.3   3.5   2
 7940   296.5  1583.8   3.6   2
 7941  1228.9  1863.1   4.7   3
 7941  1683.3   521.8   4.8   3
 7941  1700.4   509.9   4.1   3
 7942  1757.5   644.4   5.2   1
 7946  1665.3   972.0   5.1   1
 7947  1639.4  1064.0   6.2   1
 7948  1634.5  1163.2  11.0   1
 7952  1451.9  1303.1   4.7   1
 7953  1372.7  1311.2   9.4   1
 7959   687.0  1212.0   4.5   1
 7960   558.5  1172.2   5.3   1
 7961   434.6  1124.9   5.3   1
 7981   855.4  1673.5   7.1   1
 8011  2394.0  1971.5   5.0   1
 8012  2348.1  1930.7   4.0   1
 8013  2337.5  1914.0   3.6   1
 8017  2205.5  1904.8   3.8   1
 8018  2143.5  1911.6   3.3   1
 8019  2071.2  1906.6   3.6   1
 8022  1965.2  1893.4   3.6   1
 8068  3273.8  1650.0   4.1   1
 8127  3813.0  1655.8   5.1   1
 8130  3709.3  1654.3   3.7   1
 8134  3567.3  1660.2   4.9   1
 8138  3424.1  1665.0   4.6   1
 8141  3314.3  1658.6   4.9   1
 8142  3276.8  1654.3   5.5   1
 8144  3202.1  1643.3   4.4   1
 8145  3166.0  1641.5   6.1   1
 8150  2998.1  1615.5   5.1   1
 8151  2968.0  1612.7   6.1   1
 8152  2939.5  1617.6   3.3   1
 8153  2910.4  1616.8   6.3   1
 8155  2851.5  1623.8   3.6   1
 8158  2765.1  1639.3   4.2   1
 8161  2674.7  1648.5   5.0   1
 8168  2462.1  1661.1   4.4   1
 8171  2369.8  1671.9   5.8   1
 8174  2274.2  1682.0   4.0   1
 8186  1869.3  1695.3   3.6   1
 8187  1833.6  1693.9   4.0   1
 8191  1699.6  1679.0   5.0   1
 8194  1605.5  1665.5   4.2   1
 8195  1573.4  1664.6   5.3   1
 8198  1481.7  1662.1   3.6   1
 8203  1317.1  1653.3   4.0   1
 8206  1210.4  1644.1   4.9   1
 8207  1173.0  1641.5   5.0   1
 8208  1135.7  1635.8   3.4   1
 8209  1097.3  1629.1   4.0   1
 8211  1018.2  1619.5   5.6   1
 8212   977.0  1614.5   5.0   1
 8214   894.7  1605.5   7.2   1
 8215   851.8  1601.4   3.6   1
 8217   770.4  1593.9   7.0   1
 8220   649.2  1586.2   6.1   1
 8221   609.1  1581.8   4.3   1
 8223   538.6  1573.5   5.7   1
 8226   446.6  1559.7   6.9   1
 8227   411.6  1557.6   4.6   1
 8231   294.0  1529.5   6.5   1
 8233   232.8  1518.7   7.0   1
 8234   198.5  1515.6   5.2   1
 8235   173.3  1510.7   3.7   1
 8236   140.7  1506.0   4.7   1
 8237   103.6  1503.8   4.6   1
 8238    71.5  1497.6   5.8   1
 8239    30.8  1494.0   4.3   1
 8240    92.1  1435.0   6.7   1
 8241   308.3  1456.9   5.9   1
 8242   526.0  1470.2  12.0   1
 8243   779.1  1428.4  16.9   1
 8244  1033.8  1347.0   4.6   1
 8245  1273.2  1254.1  10.0   1
 8246  1508.0  1180.2   9.8   1
 8247  1738.3  1109.6   5.0   1
 8248  1927.9  1012.6   3.7   1
 8249  2125.2   911.7   7.3   1
 8250  2352.3   818.8  11.6   1
 8251  2702.5   675.5   5.0   2
 8251  2704.7   670.9  14.5   2
 8252  3203.6   494.0  17.4   1
 8253  3742.6   311.6  15.9   1
 8352  2184.3  1972.6   5.6   1
 8377  2246.2  1255.8  11.5   2
 8377  2230.8  1240.4  10.4   2
 8424  3006.9  1927.8   4.0   1
 8426  3096.5  1667.8   3.6   1
 8472  1557.3  1369.3   5.4   1
 8580  2103.0  1645.8   4.1   1
 8588  1501.1  1873.3   5.7   1
 8589  2293.7  1638.6   3.5   1
 8617  3588.0   574.2   5.0   2
 8617  3566.7   558.9  17.9   2
 8618  3385.7   763.0  13.0   1
 8619  3382.9   890.5  14.6   2
 8619  3353.0   877.0  16.2   2
 8621  3451.5  1048.5  10.6   1
 8622  3363.6  1131.9  17.5   1
 8623  3220.9  1200.0  10.6   1
 8624  3073.1  1255.8   7.8   1
 8625  2921.2  1307.3   4.6   1
 8626  2769.5  1351.3  12.4   1
 8627  2618.7  1390.2   7.1   1
 8628  2467.4  1416.4   4.9   1
 8629  2310.7  1424.8  13.5   1
 8630  2137.4  1394.8  14.1   1
 8631  1944.1  1329.4  14.9   1
 8632  1730.6  1246.6   4.1   1
 8633  1494.2  1144.2  16.9   1
 8634  1222.9  1037.2  11.3   2
 8634  1200.0  1051.3  17.4   2
 8635   789.1   890.8   5.8   1
 8636   240.1   611.7   5.5   1
 8640  3835.7  1068.4   6.3   1
 8641  3633.3  1111.7   3.7   1
 8642  3474.4  1151.7   5.0   1
 8643  3345.7  1179.6   8.7   1
 8644  3241.6  1183.5   6.0   1
 8645  3148.3  1221.7   7.5   1
 8646  3075.2  1281.7   8.3   1
 8647  2997.1  1350.0   4.4   1
 8648  2918.1  1426.7   5.4   1
 8649  2824.0  1491.8   5.9   1
 8650  2714.0  1541.5   5.7   1
 8651  2593.4  1575.0   5.0   1
 8652  2465.4  1591.4   6.8   1
 8653  2338.8  1596.7   7.8   1
 8654  2213.2  1613.6  11.9   1
 8655  2089.1  1616.9  11.8   1
 8656  1973.1  1605.6  10.9   1
 8657  1872.2  1587.1  12.1   1
 8658  1795.0  1566.3  12.8   1
 8659  1753.1  1545.3   6.7   1
 8660  1762.0  1531.5  13.4   1
 8661  1827.4  1529.1  16.8   1
 8662  1956.4  1526.1  18.9   1
 8663  2148.6  1512.3  17.3   1
 8664  2395.2  1472.1   3.6   1
 8665  2718.8  1416.9  14.7   1
 8666  3135.2  1297.0  19.5   1
 8691  1116.3   385.9   5.7   1
 8692  1171.5   566.8   7.1   2
 8692  1148.9   564.9   4.5   2
 8695  1231.7   843.2   7.7   1
 8698  1317.6  1068.8   7.3   1
 8699  1340.2  1155.7   5.6   1
 8700  1361.7  1231.3   5.2   1
 8701  1384.8  1298.0   6.8   1
 8702  1399.7  1368.3   6.6   1
 8704  1401.9  1472.4   7.6   1
 8724   949.7  1909.6   3.5   1
 8729  3024.5   141.9  11.2   2
 8729  2976.7   147.9  22.9   2
 8730  2871.3    72.8  10.9   1
 8731  3314.6   106.5   7.2   1
 8738   158.7  1686.8  15.8   1
 8739   468.4  1733.0  12.9   1
 8740   748.5  1782.3  13.0   1
 8741   943.2  1825.8  12.1   1
 8742  1067.9  1875.4  11.7   1
 8743  1136.2  1907.3   6.3   1
 8744  1152.0  1906.6  11.5   1
 8745  1090.1  1883.5  16.4   1
 8746   970.4  1855.6  11.6   1
 8747   833.9  1826.6   6.0   1
 8748  1217.9  1912.9   4.3   2
 8748   699.0  1820.5   3.6   2
 8749   588.5  1778.6   7.1   1
 8750   503.7  1715.4  10.6   1
 8751   407.9  1681.8  13.0   1
 8752   276.2  1670.5   7.3   1
 8753   123.0  1672.3   7.5   1
 8755  1751.0  1943.8  10.5   1
 8756     1.9  1399.6   5.0   1
 8797   371.7  1862.0   8.0   1
 8798   598.6  1825.9   6.1   1
 8799   784.8  1749.1   6.0   1
 8800   944.5  1692.8  11.7   1
 8801  1054.9  1669.3   8.8   1
 8802  1116.9  1650.7   3.4   1
 8804  1125.1  1674.1   8.8   1
 8805  1189.1  1682.6  13.4   1
 8806  1308.2  1679.0  10.8   1
 8807  1427.0  1664.2   8.6   1
 8808  1517.9  1695.0  12.7   1
 8809  1586.0  1732.4  12.0   1
 8810  1617.6  1769.1   3.4   1
 8811  1617.0  1801.6  10.1   1
 8812  1608.9  1825.9   4.3   1
 8813  1623.8  1827.2   7.7   1
 8814  1667.0  1806.7   6.0   1
 8815  1700.2  1780.2   4.4   1
 8816  1709.5  1760.7   6.2   1
 8817  1682.5  1760.5   8.6   1
 8818  1625.3  1769.8   7.8   1
 8819  1556.5  1779.3   7.7   1
 8820  1481.8  1788.7   7.2   1
 8821  1402.2  1801.5   6.5   1
 8822  1314.7  1817.4   7.1   1
 8823  1217.3  1832.6   8.4   1
 8825  1001.2  1816.4   6.6   1
 8826   895.1  1796.7   7.3   1
 8827   801.1  1767.9   4.3   1
 8828   712.8  1747.5   3.6   1
 8829   622.6  1722.5   4.3   1
 8830   525.1  1705.9   5.8   1
 8831   421.2  1692.9   6.0   1
 8832   306.4  1679.6   5.3   1
 8834    64.4  1673.3   7.6   1
 8860  2552.1  1953.0   8.4   1
 8912   882.3  1775.0   7.5   1
 8922  3100.8  2079.1   8.2   1
 8923  3100.4  2079.1   8.1   1
 8924  3100.2  2079.1   8.0   1
 8992  2908.4  1955.3   4.8   1
 8996  3016.4  1863.5   3.3   1
 9010   989.8  1899.5   3.8   1
 9138  1400.2  2107.5   6.4   1
 9139  1400.1  2107.6   6.4   1
 9140  1400.1  2107.5   6.6   1
 9141  1400.5  2107.5   7.0   1
 9142  1400.4  2107.5   7.0   1
 9143  1400.1  2107.4   6.6   1
 9144  1400.0  2107.5   6.4   1
 9145  1400.3  2107.3   6.3   1
 9147  1401.0  2107.5   5.5   1
 9153  2273.6  1764.8   3.6   1
 9155  1400.7  2107.3   4.3   1
 9156  1400.7  2107.2   4.1   1
 9157  1401.0  2106.9   4.6   1
 9158  1400.8  2106.9   5.5   1
 9160  1400.8  2106.9   4.5   1
 9161  1400.4  2106.9   4.0   1
 9162  1400.4  2107.1   4.0   1
 9163  1400.1  2106.8   4.5   1
 9164  1400.4  2106.9   4.4   1
 9165  1400.4  2107.0   4.5   1
 9194  1945.8  1769.9   5.3   1
 9208  2334.7  1513.7   5.4   1
 9209  3506.4  1860.6   5.3   1
 9250  3444.0  1407.7  15.3   1
 9251  1479.5  1220.8  10.3   1
 9262  3419.2  1619.4   3.6   1
 9263  3132.0  1916.6   3.9   1
 9307  3428.0  1919.3   3.9   1
 9367   970.2  1930.9   4.3   1
 9386   825.1  1392.7   7.6   1
 9413   215.0  1163.0  13.6   2
 9413   192.6  1160.0   4.2   2
 9414   275.3  1391.0  33.9   1
 9415   179.6  1590.1  12.0   1
 9416   328.4  1724.5   7.6   1
 9417   479.9  1787.2   4.8   1
 9418   587.8  1827.7   4.8   1
 9419   704.6  1839.9  16.9   1
 9420   846.5  1834.6   3.7   1
 9421   986.1  1814.9  11.8   1
 9422  1106.5  1794.2  15.0   1
 9423  1198.0  1766.1  10.6   1
 9424  1224.4  1743.8   8.9   2
 9424  1137.9  1575.0   6.3   2
 9425  1206.1  1732.6  12.6   1
 9426  1140.8  1731.5  11.8   1
 9427  1039.9  1721.7  10.4   1
 9428   915.7  1704.2  10.9   1
 9429   778.0  1679.0  12.7   1
 9430   626.2  1649.4  11.0   1
 9431   481.9  1611.5   3.8   1
 9432   344.9  1553.0   3.8   1
 9433   208.2  1502.0   8.9   1
 9451  2810.0  1551.5   3.6   1
 9461  3217.9  1787.9   4.2   1
 9509  2462.1  1958.8   4.4   1
 9539   158.4  1845.0   8.9   1
 9578  2699.3  1833.8   3.7   1
 9579  2103.2  1971.8   6.8   1
 9621  2219.3  1435.9  11.4   1
 9645  1710.5  1636.2   5.2   1
 9646  1086.6  1858.6   4.2   1
 9654  1650.4  1728.3   7.9   1
 9924  1881.6  1920.1   3.8   1
 9955   366.3  1348.1   3.6   1
 9971  3420.9  1684.0   5.9   1
 9972  3008.7  1467.7   6.6   1
 9973  2615.1  1183.5   4.9   1
 9976  2800.7  2084.7   7.4   2
 9976  1680.2  1171.6   6.0   2
 9977  2800.3  2084.8   7.1   2
 9977  1442.8  1325.4   3.6   2
 9978  2800.1  2084.7   7.0   2
 9978  1100.4  1454.4   4.1   2
 9979   675.4  1539.6   5.1   1
10008  3833.4  1407.3   6.5   1
10009  3397.5  1791.2  15.1   2
10009  3730.7  1409.6   6.5   2
10010  3636.1  1404.0   4.7   1
10011  3539.5  1395.3   7.3   1
10012  3438.7  1391.3   7.2   1
10013  3349.2  1379.2  10.4   1
10014  3251.2  1374.3   5.4   1
10015  3153.9  1372.3   6.2   1
10016  3060.1  1365.0  17.1   1
10017  2959.7  1365.3   7.3   1
10018  2862.2  1357.7  14.0   1
10019  2769.9  1347.9   8.0   1
10020  2674.0  1348.6   4.8   1
10021  2581.3  1336.6   8.3   1
10022  2494.0  1326.8   6.0   1
10023  2405.7  1324.0   6.2   1
10024  2324.8  1311.8   9.3   1
10025  2240.1  1311.5   4.2   1
10026  2158.4  1303.3   9.2   1
10027  2081.4  1297.0  13.6   1
10028  2002.4  1292.2   8.1   1
10029  1931.3  1279.0   6.6   1
10030  1865.2  1276.0  11.4   1
10031  1799.7  1274.3   5.7   1
10032  1740.1  1280.9  11.8   1
10033  1687.6  1294.6   8.3   1
10034  1631.7  1302.6   5.1   1
10035  1582.4  1323.4   4.0   1
10036  1528.0  1339.4   5.5   1
10037  1473.3  1359.0   4.0   1
10039  1367.3  1392.8   7.0   1
10040  1313.4  1408.8   5.2   1
10041  1254.0  1424.2   3.8   1
10042  1200.2  1433.8  13.9   1
10043  1150.3  1449.1   5.8   1
10044  1101.6  1460.0   5.8   1
10045  1063.7  1474.7  10.8   1
10047   994.3  1502.3   4.5   1
10050   915.7  1549.4   8.7   1
10053   854.1  1589.0   3.8   1
10058   772.1  1634.9   4.2   1
10065  2256.4  1316.9   3.6   1
10066  2294.4  1273.0   3.4   1
10074   429.5  1677.8   5.7   1
10079   287.4  1688.4   5.4   1
10151  2595.6  1568.4  15.3   1
10264  1329.4  1665.1   4.5   1
10265  1595.0  1464.3   4.2   1
10266  1938.8  1077.7   5.9   1
10298  3348.0  1832.8   4.0   1
10330   690.1    42.6   8.1   2
10330   645.8    36.2  14.3   2
10331  1668.6   207.0   8.0   2
10331  1627.8   202.1  15.8   2
10332  2617.3   216.9   3.4   3
10332  2684.7   205.3   7.6   3
10332  2641.3   207.7  15.4   3
10333  3824.3     1.9  12.7   1
10379  3700.3  1419.9   8.2   1
10380  3411.8  1512.8   3.6   1
10381  3127.1  1536.5   8.6   1
10382  2860.2  1540.6   7.3   1
10383  2612.5  1574.6   5.8   1
10384  2349.5  1624.1   5.1   1
10386  1667.0  1694.1   9.5   1
10387  1269.8  1655.3  14.3   2
10387  1249.0  1656.1   6.1   2
10388   893.8  1544.6   5.4   1
10392  1541.0    79.5   5.0   1
10431  3726.3  1965.1   5.5   1
10463   323.1  1689.1   7.5   1
10464  1204.2  1793.6   3.9   1
10465  1655.9  1941.1   4.2   1
10477  1188.8  1721.8   3.9   1
10478  1475.4  1635.5   5.1   1
10479  1874.9  1516.4   5.9   1
10480  2403.4  1328.8   6.8   1
10481  3274.8   977.5   8.6   1
10531  2900.0  1098.4   7.8   1
10643  3795.1  1371.6   3.8   1
10647  3645.1  1411.7   4.0   1
10648  3601.9  1409.8   4.0   1
10651  3498.9  1427.6   3.8   1
10652  3465.6  1434.8   3.7   1
10653  3432.3  1435.9   3.9   1
10657  3322.0  1463.7   4.0   1
10658  3289.0  1464.2   4.0   1
10662  3194.7  1494.9   3.6   1
10663  3163.1  1495.0   4.0   1
10667  3075.2  1522.2   3.9   1
10702  3110.4  1811.9   5.1   2
10702  2333.5  1625.6   3.7   2
10705  2277.4  1632.4   3.3   1
10978  2006.9  1176.1   6.3   1
11226  2061.9  1757.5   5.5   1
11310  1797.1  1793.6   3.8   1
11311  2170.8  1741.9   4.4   1
11312  2641.9  1692.6   4.0   1
11313  3191.9  1660.7   5.0   1
11396  3198.6  1804.0   5.0   1
11453   857.2  1879.5   5.2   1
11460   202.0   917.4   7.2   1
11461   695.2   989.1   9.7   1
11462  1183.5   994.9  10.0   1
11463  1656.9   964.9  10.8   2
11463  1670.7   945.4   8.5   2
11464  2165.8   882.7   9.7   2
11464  2143.3   888.6   7.6   2
11465  2745.4   767.8   9.3   2
11465  2774.6   755.7  20.6   2
11466  3636.5   480.1  13.8   2
11466  3596.6   499.4  10.0   2
11478  2456.0  1661.6   8.1   1
11485   523.2  1539.6   3.7   1
11486   455.4  1526.6   3.3   1
11488   299.5  1509.5   4.2   1
11514   406.6   247.1   6.6   1
11515   838.3   133.7  10.5   1
11516  1218.1    44.1   6.6   1
11526  2428.6  1355.9   3.6   1
11559    94.9  1327.0   9.1   1
11561  1097.3  1502.7  11.9   1
11562  1653.0  1529.5   4.4   1
11563  2282.3  1489.7  12.3   1
11564  3032.2  1332.2   4.6   1
11610  2949.1  1949.4   5.6   1
11611  2918.1  1468.4   7.9   1
11988  3100.0  2086.5   5.7   1
11989  3100.6  2086.3   5.1   1
11990  3100.8  2086.4   5.2   1
12107  3132.1   232.8   4.3   1
12108  3294.7  1065.9   4.1   1
12139   255.7  1735.2   3.8   1
12171   413.1  1915.1   4.3   1
12201  3826.2  1524.5   4.7   1
12204  1417.7  1972.5   5.8   1
12205  1371.9  1940.6   5.9   1
12206  1313.1  1909.6   5.9   1
12207  1243.6  1884.3   7.6   1
12208  1162.1  1865.5   9.1   1
12209  1073.1  1837.7   5.9   1
12210   976.7  1809.0   6.1   1
12211   869.9  1772.9   7.3   1
12212   744.8  1726.7   8.0   1
12213   610.6  1660.7   8.1   1
12214   469.6  1608.0   6.7   1
12215   326.1  1560.6   3.8   1
12221  1634.9  1977.4   3.6   1
12249   390.2  1560.2   7.0   1
12376  1415.3   676.3   4.8   1
12408  2146.9  1923.8   7.7   1
12414  3625.0  1973.5   9.3   1
12451   317.2  1366.6   5.0   1
12452   412.7  1377.2   4.2   1
12461  3275.6  1925.9   5.5   1
12487  3447.2  1862.8   8.4   1
12488  3475.3  1957.1   5.1   1
12489   980.5  1628.8   3.8   1
12491  1115.2  1657.3   3.9   1
12567   910.9  1913.9   4.3   1
12569  1823.3  1825.2  14.8   1
12631  3348.2  1935.1   8.8   1
12673   458.7  1526.7   7.1   1
12674  1820.2  1657.9   8.4   1
12675  3124.4  1665.2   9.6   1
12704  2746.5  1697.2   3.8   1
12709  2854.7  1679.9   4.7   1
12782  3399.7   908.1   4.9   1
12814  3427.5  1739.8   6.2   1
12815  3085.5  1858.7   5.3   1
12816  2827.5  1929.0   3.6   1
12817  2634.9  1972.7   4.0   1
12859  2355.0  1920.5   4.9   1
12860  2608.9  1894.3   6.6   1
12948  2973.1  1735.1   6.2   1
12985  3371.0  1812.2   5.1   1
12986  3004.7  1831.9   4.7   1
12987  2742.8  1856.5   3.8   1
12988  2538.2  1884.4   3.6   1
13052  3663.9  1634.6   8.2   1
13053  3484.5  1581.0   4.9   1
13054  3323.4  1510.9   5.2   1
13055  3169.5  1460.8   5.2   1
13056  3024.0  1435.4   8.8   1
13057  2881.9  1412.8   5.4   1
13059  2614.2  1397.3  13.4   1
13060  2493.5  1404.5   3.2   1
13061  2377.0  1409.8   4.0   1
13062  2263.4  1409.3   5.0   1
13063  2154.1  1413.6   3.8   1
13064  2048.2  1421.7   5.9   1
13065  1941.5  1429.7   4.0   1
13068  1630.6  1432.1   4.8   1
13069  1530.2  1432.5   5.4   1
13070  1437.1  1427.7   7.3   1
13071  1351.5  1415.7   7.4   1
13072  1276.7  1405.7   8.0   1
13074  1138.6  1432.4   4.9   1
13075  1078.5  1475.8   7.6   1
13078   873.6  1564.7   5.3   1
13089   771.3  1688.1   3.6   1
13096  1074.4  1698.3   5.4   1
13097  1127.1  1697.8   6.3   1
13098  1186.7  1699.9   5.9   2
13098  3574.6  1673.1   4.5   2
13099  1246.6  1704.9   5.4   1
13100  1303.4  1713.6   5.1   1
13102  1410.3  1733.6   4.9   1
13103  1474.6  1737.6   5.3   1
13105  1620.9  1741.9   4.7   1
13106  1695.7  1750.0   5.3   1
13107  1770.6  1756.0   5.7   1
13108  1843.5  1761.7   5.3   1
13109  1910.8  1767.5   5.3   1
13110  1970.2  1771.6   3.7   1
13113  2075.5  1750.5   3.2   1
13115  2091.9  1736.3   3.6   1
13116  2091.2  1738.8   4.4   1
13117  2079.5  1741.6   3.7   1
13118  2056.9  1743.0   4.5   1
13119  2026.6  1738.5   7.6   1
13120  1986.4  1720.9   7.0   1
13121  1942.3  1714.6   8.3   1
13122  1896.4  1705.7   7.0   1
13123  1828.4  1702.7  10.0   1
13124  1738.2  1679.4  11.4   1
13125  1623.8  1619.6  12.5   1
13126  1479.3  1525.5  15.6   1
13127  1309.8  1418.2   9.3   1
13128  1117.0  1314.8  11.4   1
13129   917.3  1242.3   6.2   1
13130   724.0  1195.6  12.0   1
13131   558.2  1173.8   8.8   1
13132   436.4  1174.4   4.0   1
13134   212.5  1160.0   5.0   1
13135   113.8  1148.7   5.6   1
13147  3423.2  1924.4   3.6   2
13147  1777.7  1874.9   9.4   2
13148  1220.5  1828.0   5.0   1
13277   189.8  1529.8   4.6   1
13278   108.4  1536.6   3.5   1
13284  1657.7  1784.6   3.5   1
13285  1637.5  1766.7   5.5   1
13286  1593.6  1747.5   7.0   1
13288  1474.7  1729.6   5.9   1
13291  1294.5  1723.0   3.6   1
13292  1237.5  1713.4   3.3   1
13296  1043.5  1660.5   3.2   1
13303   658.2  1639.1   6.6   1
13306   495.4  1568.6   5.6   1
13307   423.1  1542.7   5.1   1
13308   337.5  1495.5   4.2   1
13311    19.8  1360.6   3.6   1
13349   763.0  1832.0   4.5   1
13351  1039.0  1789.3   4.1   1
13557  3216.9  1534.1   3.8   1
13611   673.4  1814.5   4.3   1
13625  1047.1  1834.0  16.7   1
13737  2723.4  1024.5  15.8   1
13870  1685.8  1573.9   5.3   1
13880    26.2  1726.0   4.1   1
13881    26.4  1726.1   3.8   1
13882    26.4  1726.4   3.3   1
13951  3294.8  1740.6   3.6   1
14043  2709.1  1840.4   8.8   1
14045  3307.5  1888.5   3.2   1
14085   795.4  1759.4   3.3   1
14086  1235.0  1450.6   4.9   1
14205  2859.0  1942.6   8.1   1
14317  2791.4  1744.2   9.2   1
14323  1865.1  1965.8   7.9   1
14324  2365.3  1951.0   8.4   1
14370   766.3  1786.6   5.0   1
14384  1343.3  1938.1   7.6   1
14409  2953.2  1698.7   5.6   1
14420  3735.9  1198.5   7.6   1
14423  3597.2  1202.7   8.4   1
14426  3463.5  1206.1   6.6   1
14432  3224.1  1208.8   7.0   1
14433  3185.9  1207.4   7.0   1
14435  3114.9  1208.6   7.1   1
14436  3079.5  1209.3   7.4   1
14439  2978.8  1211.5   8.1   1
14442  2885.5  1214.7   8.3   1
14445  2803.9  1227.1   7.3   1
14448  2730.9  1239.2   6.8   1
14451  2666.7  1252.5   5.1   1
14454  2603.0  1270.0   6.2   1
14457  2543.1  1293.4   4.8   1
14460  2481.2  1318.6   5.7   1
14463  2428.6  1347.6   3.3   1
14475  1323.5  1807.0   3.6   1
14476  1419.5  1648.7   3.6   1
14478   943.9  1617.4   9.0   1
14490  2115.1   821.6   3.8   1
14541   891.1  1666.4   3.8   1
14544   828.8  1646.9   4.4   1
14549   736.1  1629.1   4.2   1
14566  2139.6  1831.8   6.4   1
14593  3200.7  1413.8   4.3   1
14663   244.0  1878.3   3.9   1
14664   151.7  1703.0   4.1   1
14671  1261.3  1860.7   5.1   1
14768  1983.9  1316.4   4.0   1
14769  1490.1  1168.0   5.7   1
14770   839.6  1015.9   5.9   1
14980    26.7  1726.2   3.7   1
14982    26.7  1726.8   3.5   1
14987    26.6  1726.1   3.6   1
14989    26.7  1726.2   3.7   1
15061  1026.4  1715.0   6.4   1
15074  3189.5  1778.0   5.0   1
15077  3306.8  1760.2   4.5   1
15079  1479.1  1587.7   3.6   1
15087  3669.4  1609.2   4.0   1
15088  2616.4  1839.5   5.1   1
15090  3778.3  1547.1   3.6   1
15125  3246.9  1790.9   4.3   1
15183  1242.9  1683.4  11.9   1
15283  1431.6    24.9   7.1   1
15294    79.4  1736.6  13.3   1
15541   793.0  1915.9   7.1   1
15542  1528.1  1910.0   7.3   1
15543  2297.4  1947.4   9.2   1
15574  1917.6  1930.7   5.1   1
15630   651.3  1875.3   5.3   1
15649   511.7  1938.0   3.9   1
15650   883.9  1798.3   4.7   1
15651  1565.4  1592.4   4.9   1
15710  2446.7  1901.4  16.2   1
15729  1250.5  1537.7   3.6   1
15730   440.1  1857.7   3.9   1
15807  1384.6  1870.4   4.9   1
15808  1431.2  1806.5   5.7   1
15809  1453.1  1737.9   7.3   1
15810  1582.0  1630.8   8.8   1
15811  1881.8  1372.5   3.9   1
15812  2693.6   955.3   6.3   1
15849  2004.4  1683.2   3.6   1
15869   700.1  2055.8  12.6   1
15870   700.6  2055.1  13.8   1
15884  3837.4  1828.2   5.5   1
