   14    1117    1475     200     200   5.3   2
   14    3654     774     200     200   9.5   2
   15    1048    1478     200     200   5.3   2
   15    3539    1049     200     200   8.8   2
   16     970    1483     200     200   6.0   2
   16    3431    1260     200     200   5.8   2
   17     883    1491     200     200   6.0   2
   17    3293    1428     200     200   4.7   2
   18    3129    1553     200     200   7.6   2
   18     785    1499     200     200   6.0   2
   19    2953    1637     200     200  10.8   2
   19     676    1508     200     200   7.8   2
   20    2782    1688     200     200  13.3   2
   20     555    1518     200     200   6.6   2
   21    2643    1740     200     200  10.9   3
   21     419    1525     200     200   5.9   3
   21      12    1162      12     200  17.0   3
   22    2512    1809     200     200  14.1   3
   22     266    1525     200     200   4.4   3
   22     296    1390     200     200   8.1   3
   23    2375    1847     200     200  10.9   3
   23     439    1549     200     200  14.3   3
   23      96    1507      96     200   4.3   3
   24    2236    1875     200     200  15.7   2
   24     510    1612     200     200   6.5   2
   25    2095    1877     200     200  14.7   2
   25     526    1609     200     200  10.3   2
   26    1954    1862     200     200  10.5   2
   26     500    1596     200     200   6.8   2
   27    1812    1820     200     200   8.6   2
   27     446    1571     200     200   8.1   2
   28    1684    1770     200     200  11.0   2
   28     369    1528     200     200   7.4   2
   29    1552    1735     200     200   9.1   2
   29     275    1478     200     200   3.7   2
   30    1418    1703     200     200   6.5   2
   30     161    1423     161     200   8.5   2
   31    1284    1682     200     200   9.5   2
   31       6    1368       6     200   4.5   2
   32    1141    1678     200     200   7.6   1
   33     991    1686     200     200  11.5   1
   34     826    1702     200     200  11.1   1
   35     636    1723     200     200   7.3   1
   36     425    1779     200     200   5.2   1
   37     186    1846     186     200  10.6   1
   55    2146      31     200      31   9.2   1
   56    2168      94     200      94   6.9   1
   57    2188     155     200     155   6.8   1
   58    2212     215     200     200   9.3   1
   59    2227     274     200     200   5.8   1
   61    2263     390     200     200   4.4   1
   76    1330    1568     200     200   4.2   1
   81    1469    1540     200     200   4.5   1
   86    1630    1508     200     200   3.6   1
   89    1714    1470     200     200   3.5   1
   91    1761    1444     200     200   3.3   1
   93    1800    1422     200     200   3.6   1
   94    1818    1413     200     200   3.7   1
   95    1838    1406     200     200   4.5   1
   96    1859    1401     200     200   5.3   1
   97    1880    1396     200     200   4.1   1
   98    1903    1390     200     200   5.4   1
   99    1925    1384     200     200   3.6   1
  100    1951    1378     200     200   5.5   1
  101    1976    1370     200     200   4.7   1
  102    2002    1361     200     200   4.4   1
  103    2030    1351     200     200   6.6   1
  104    2058    1339     200     200   4.0   1
  105    2085    1325     200     200   5.4   1
  106    2116    1308     200     200   5.2   1
  107    2143    1290     200     200   4.6   1
  108    2176    1271     200     200   6.8   1
  109    2210    1248     200     200   4.3   1
  110    2242    1223     200     200   4.5   1
  111    2281    1197     200     200   6.4   1
  112    2316    1171     200     200   5.1   1
  113    2353    1141     200     200   5.9   1
  114    2404    1113     200     200   5.7   1
  115    2447    1077     200     200   6.0   1
  116    2503    1039     200     200   7.5   1
  117    2563    1001     200     200   4.7   1
  118    2627     955     200     200   3.9   1
  119    2702     912     200     200   8.0   1
  120    2776     862     200     200   7.6   1
  121    2863     811     200     200   4.9   1
  122    2956     752     200     200   9.1   1
  123    3042     682     200     200   8.1   1
  124    3147     610     200     200  10.7   1
  125    3247     522     200     200  10.5   1
  126    3355     427     200     200  13.6   1
  127    3472     322     200     200  11.4   1
  128    3593     215     200     200  14.9   1
  129    3722      95     200      95  11.5   1
  351    1085    1913     200     200   3.8   1
  434     132     905     132     200   4.2   1
  435     137     905     137     200   3.8   1
  436     142     905     142     200   4.5   1
  437     147     906     147     200   4.3   1
  438     152     906     152     200   3.8   1
  439     157     907     157     200   3.8   1
  977    1692    1946     200     200   5.6   1
  978    2111    1973     200     200   5.0   1
  979    2559    1937     200     200   3.8   1
  984    3089    1680     200     200   3.4   1
  988    3204    1665     200     200   3.5   1
  992    3322    1648     200     200   3.3   1
  993    3353    1644     200     200   3.9   1
 1000    3583    1617     200     200   3.7   1
 1001    3619    1611     200     200   3.6   1
 1002    3655    1606     200     200   3.2   1
 1003    3693    1601     200     200   3.6   1
 1049     201    1777     200     200   3.5   1
 1050     382    1769     200     200   3.8   1
 1051     569    1734     200     200   3.3   1
 1053     915    1634     200     200   4.3   1
 1054    1090    1566     200     200   4.3   1
 1055    1281    1479     200     200   4.9   1
 1056    1485    1382     200     200   4.2   1
 1057    1704    1267     200     200   4.1   1
 1077    2606    1913     200     200   5.0   1
 1504    1232    1917     200     200   5.3   1
 1530    3730    1593     200     200   3.9   1
 1532    2960    1849     200     200   7.5   1
 1533    3458    1569     200     200   5.3   1
 1537    3506    1607     200     200   5.1   1
 1540    3419    1616     200     200   4.7   1
 1560    2103    1897     200     200   4.3   1
 1561    1823    1791     200     200   4.0   1
 1592    2330    1868     200     200   7.4   1
 1613    1120    1857     200     200   3.3   1
 1614    1276    1844     200     200   5.0   1
 1615    1548    1797     200     200   6.7   1
 1616    2163    1707     200     200   3.6   1
 1617    3557    1398     200     200   8.3   1
 1846    3349    1923     200     200   4.3   1
 1881     719    1752     200     200   4.6   1
 2006    1002    1929     200     200   3.2   1
 2007    1379    1890     200     200   6.6   1
 2008    1998    1863     200     200   8.3   1
 2009    2852    1850     200     200   6.8   1
 2012    2606     951     200     200   3.6   1
 2017    2242    1239     200     200   3.7   1
 2018    2186    1275     200     200   4.4   1
 2020    2066    1370     200     200   4.3   1
 2021    1993    1406     200     200   4.2   1
 2022    1928    1441     200     200   4.0   1
 2023    1881    1455     200     200   5.3   1
 2024    1835    1464     200     200   4.2   1
 2025    1777    1492     200     200   3.6   1
 2027    1677    1542     200     200   4.6   1
 2028    1646    1553     200     200   3.5   1
 2029    1599    1590     200     200   4.3   1
 2030    1540    1629     200     200   3.3   1
 2031    1493    1641     200     200   3.6   1
 2032    1464    1658     200     200   4.0   1
 2033    1436    1680     200     200   4.0   1
 2035    1352    1773     200     200   3.6   1
 2036    1301    1836     200     200   4.5   1
 2037    1247    1878     200     200   3.5   1
 2039    1128    1910     200     200   3.6   1
 2054    1852    1976     200     200   7.6   1
 2090    3759    1659     200     200   4.7   1
 2093    3650    1652     200     200   6.7   1
 2096    3529    1643     200     200   8.9   1
 2097    3485    1647     200     200   4.3   1
 2098    3444    1636     200     200   5.1   1
 2099    3400    1639     200     200   7.4   1
 2100    3355    1643     200     200   5.4   1
 2101    3314    1637     200     200   8.1   1
 2103    3227    1641     200     200   3.9   1
 2104    3186    1640     200     200   8.5   1
 2105    3146    1647     200     200   4.6   1
 2107    3065    1653     200     200   4.4   1
 2108    3024    1660     200     200   6.7   1
 2109    2982    1658     200     200   4.7   1
 2111    2905    1672     200     200   4.8   1
 2112    2864    1668     200     200   5.3   1
 2115    2748    1678     200     200   4.6   1
 2116    2711    1687     200     200   3.7   1
 2118    2633    1687     200     200   4.0   1
 2119    2596    1695     200     200   4.5   1
 2120    2557    1690     200     200   5.0   1
 2123    2445    1688     200     200   4.0   1
 2126    2335    1682     200     200   5.9   1
 2127    2300    1681     200     200   3.3   1
 2130    2196    1677     200     200   5.7   1
 2131    2163    1678     200     200   5.0   1
 2132    2129    1684     200     200   5.7   1
 2133    2094    1684     200     200   4.6   1
 2136    1991    1696     200     200   4.4   1
 2141    1811    1717     200     200   3.7   1
 2142    1776    1725     200     200   4.9   1
 2145    1662    1737     200     200   4.0   1
 2146    1622    1731     200     200   5.3   1
 2149    1507    1730     200     200   6.2   1
 2150    1472    1726     200     200   5.3   1
 2159    1171    1651     200     200   4.0   1
 2160    1141    1647     200     200   4.1   1
 2161    1109    1638     200     200   5.8   1
 2164    1015    1625     200     200   6.1   1
 2165     986    1626     200     200   4.1   1
 2166     954    1618     200     200   7.6   1
 2169     870    1609     200     200   6.7   1
 2171     821    1607     200     200   7.2   1
 2173     780    1610     200     200   3.9   1
 2212     312    1609     200     200   3.5   1
 2238      13    1495      13     200   5.7   1
 2241      91    1505      91     200   7.3   1
 2243     158    1512     158     200   6.3   1
 2244     194    1515     194     200   4.0   1
 2246     276    1520     200     200   6.5   1
 2275    3487    1715     200     200   3.2   1
 2280    3213    1791     200     200   3.8   1
 2282    3007    1789     200     200   3.6   1
 2319    2688    1957     200     200   5.1   1
 2320    2625    1907     200     200   6.8   1
 2321    2571    1868     200     200   5.6   1
 2322    2523    1836     200     200   4.4   1
 2323    2486    1813     200     200   3.5   1
 2388    2483    1547     200     200   3.8   1
 2389    2502    1541     200     200   3.3   1
 2393    2584    1514     200     200   3.6   1
 2398    2687    1471     200     200   3.7   1
 2399    2709    1461     200     200   3.7   1
 2400    2732    1452     200     200   4.1   1
 2401    2755    1443     200     200   3.8   1
 2402    2780    1434     200     200   3.8   1
 2403    2804    1425     200     200   3.2   1
 2404    2829    1416     200     200   4.3   1
 2405    2854    1406     200     200   4.1   1
 2406    2878    1397     200     200   3.6   1
 2408    2929    1378     200     200   4.1   1
 2409    2957    1368     200     200   4.8   1
 2410    2986    1358     200     200   4.5   1
 2411    3016    1348     200     200   3.9   1
 2412    3048    1338     200     200   4.3   1
 2413    3080    1328     200     200   4.4   1
 2414    3114    1317     200     200   4.0   1
 2415    3148    1306     200     200   4.1   1
 2416    3182    1294     200     200   5.1   1
 2417    3219    1281     200     200   4.1   1
 2418    3257    1268     200     200   4.8   1
 2419    3297    1256     200     200   5.0   1
 2420    3339    1244     200     200   4.4   1
 2421    3383    1232     200     200   3.9   1
 2423    3475    1207     200     200   3.5   1
 2429    3778    1116     200     200   3.4   1
 2430    3832    1098     200     200   3.8   1
 2668    2925    1667     200     200   4.5   1
 2726       7     944       7     200   8.0   1
 2727      34     967      34     200   5.7   2
 2727      72     958      72     200   6.9   2
 2728      96     981      96     200   4.5   2
 2728     132     975     132     200   6.4   2
 2729     155     996     155     200   4.3   2
 2729     187     992     187     200   4.5   2
 2730     212    1011     200     200   4.6   2
 2730     238    1011     200     200   3.7   2
 2731     275    1029     200     200   6.4   1
 2732     321    1047     200     200   6.1   1
 2733     367    1065     200     200   8.0   1
 2734     407    1085     200     200   7.2   1
 2735     441    1114     200     200   7.7   2
 2735     452    1095     200     200   7.4   2
 2736     474    1137     200     200   7.1   2
 2736     488    1115     200     200   7.4   2
 2737     507    1159     200     200   6.3   2
 2737     521    1137     200     200   9.1   2
 2738     533    1180     200     200   6.2   2
 2738     551    1159     200     200  10.1   2
 2739     556    1201     200     200   4.4   2
 2739     580    1181     200     200  11.8   2
 2740     574    1219     200     200   3.5   2
 2740     604    1202     200     200  10.0   2
 2741     623    1221     200     200   7.5   1
 2747     646    1312     200     200   4.0   1
 2748     631    1325     200     200   5.2   1
 2749     610    1335     200     200   6.7   1
 2751     475    1353     200     200   4.1   1
 2752     451    1360     200     200   5.3   1
 2754     534    1392     200     200   3.9   1
 2765     342    1450     200     200   3.5   1
 2766     340    1452     200     200   4.6   1
 2767     342    1455     200     200   5.9   1
 2768     346    1461     200     200   4.9   1
 2770     339    1460     200     200   3.5   1
 2771     343    1468     200     200   4.4   1
 2772     378    1490     200     200   4.1   2
 2772     350    1477     200     200   4.9   2
 2773     392    1502     200     200   4.9   2
 2773     359    1487     200     200   5.0   2
 2774     406    1515     200     200   5.0   2
 2774     371    1499     200     200   3.4   2
 2775     423    1530     200     200   4.2   1
 2776     442    1545     200     200   5.2   1
 2777     462    1559     200     200   6.3   2
 2777     423    1540     200     200   5.0   2
 2778     485    1573     200     200   6.1   2
 2778     443    1555     200     200   5.6   2
 2779     509    1586     200     200   6.0   2
 2779     466    1569     200     200   5.9   2
 2780     535    1598     200     200   4.0   2
 2780     491    1582     200     200   5.8   2
 2781     518    1594     200     200   6.3   1
 2782     595    1620     200     200   4.5   2
 2782     547    1605     200     200   6.0   2
 2783     624    1628     200     200   4.7   2
 2783     578    1616     200     200   5.1   2
 2784     654    1636     200     200   4.0   2
 2784     608    1624     200     200   4.1   2
 2785     685    1642     200     200   4.0   2
 2785     640    1631     200     200   3.8   2
 2786     715    1648     200     200   5.0   2
 2786     673    1637     200     200   4.2   2
 2787     745    1653     200     200   4.0   2
 2787     705    1641     200     200   3.8   2
 2788     774    1658     200     200   3.9   2
 2788     736    1645     200     200   4.3   2
 2789     803    1661     200     200   4.4   2
 2789     767    1648     200     200   4.3   2
 2790     832    1664     200     200   6.0   2
 2790     799    1650     200     200   4.9   2
 2791     861    1667     200     200   5.7   2
 2791     830    1652     200     200   6.8   2
 2792     889    1670     200     200   6.0   2
 2792     862    1655     200     200   6.0   2
 2793     919    1674     200     200   6.0   2
 2793     893    1657     200     200   3.8   2
 2794     949    1677     200     200   6.5   2
 2794     923    1660     200     200   4.5   2
 2795     979    1680     200     200   6.0   2
 2795     955    1662     200     200   5.9   2
 2796    1010    1680     200     200   5.9   2
 2796     985    1665     200     200   6.1   2
 2797    1041    1682     200     200   5.5   2
 2797    1016    1668     200     200   6.2   2
 2798    1073    1682     200     200   4.7   2
 2798    1047    1671     200     200   4.6   2
 2799    1104    1683     200     200   3.7   2
 2799    1079    1673     200     200   5.0   2
 2800    1135    1682     200     200   3.6   2
 2800    1110    1674     200     200   4.6   2
 2801    1140    1675     200     200   3.7   1
 2802    1195    1679     200     200   3.8   2
 2802    1171    1675     200     200   3.6   2
 2803    1224    1676     200     200   3.8   2
 2803    1202    1674     200     200   3.6   2
 2804    1253    1674     200     200   5.9   2
 2804    1232    1671     200     200   4.3   2
 2805    1271    1670     200     200   5.2   1
 2806    1289    1665     200     200   4.7   1
 2810    1419    1666     200     200   4.2   1
 2815    1559    1678     200     200   5.5   2
 2815    1539    1675     200     200   6.4   2
 2816    1587    1681     200     200   5.4   2
 2816    1567    1678     200     200   6.8   2
 2817    1616    1685     200     200   5.7   2
 2817    1595    1682     200     200   6.6   2
 2818    1643    1691     200     200   6.2   2
 2818    1623    1685     200     200   5.9   2
 2819    1672    1695     200     200   6.3   2
 2819    1651    1689     200     200   5.9   2
 2820    1699    1699     200     200   7.1   2
 2820    1679    1693     200     200   5.2   2
 2822    1752    1711     200     200   6.0   1
 2828    1898    1743     200     200   5.0   2
 2828    1905    1724     200     200   5.5   2
 2829    1921    1748     200     200   6.5   2
 2829    1934    1726     200     200   6.1   2
 2830    1944    1754     200     200   5.2   2
 2830    1962    1729     200     200   5.7   2
 2831    1968    1759     200     200   5.6   2
 2831    1990    1731     200     200   5.8   2
 2832    1993    1764     200     200   6.3   2
 2832    2018    1733     200     200   5.4   2
 2833    2019    1769     200     200   6.8   2
 2833    2045    1736     200     200   6.1   2
 2834    2046    1773     200     200   6.6   2
 2834    2072    1738     200     200   5.6   2
 2835    2074    1777     200     200   5.8   2
 2835    2099    1740     200     200   4.7   2
 2836    2103    1781     200     200   6.3   2
 2836    2129    1742     200     200   4.2   2
 2837    2132    1785     200     200   5.3   2
 2837    2157    1745     200     200   5.6   2
 2838    2161    1789     200     200   5.5   2
 2838    2185    1748     200     200   6.1   2
 2839    2191    1793     200     200   5.5   2
 2839    2214    1751     200     200   6.2   2
 2840    2221    1796     200     200   4.7   2
 2840    2245    1753     200     200   5.3   2
 2841    2252    1800     200     200   5.7   2
 2841    2277    1754     200     200   4.9   2
 2842    2282    1803     200     200   5.4   2
 2842    2309    1753     200     200   4.9   2
 2843    2312    1805     200     200   4.9   2
 2843    2341    1751     200     200   5.3   2
 2844    2343    1808     200     200   4.6   2
 2844    2376    1748     200     200   6.7   2
 2845    2373    1809     200     200   5.5   2
 2845    2410    1744     200     200   7.3   2
 2846    2403    1810     200     200   4.7   2
 2846    2444    1740     200     200   7.5   2
 2847    2434    1812     200     200   4.5   2
 2847    2480    1735     200     200   6.3   2
 2848    2465    1813     200     200   3.6   2
 2848    2515    1729     200     200   5.1   2
 2849    2495    1815     200     200   6.3   2
 2849    2552    1723     200     200   4.0   2
 2850    2526    1816     200     200   5.8   2
 2850    2588    1717     200     200   5.2   2
 2851    2559    1816     200     200   5.2   2
 2851    2625    1710     200     200   7.7   2
 2852    2591    1817     200     200   5.5   2
 2852    2662    1705     200     200   7.3   2
 2853    2623    1817     200     200   7.0   2
 2853    2701    1701     200     200   6.9   2
 2854    2656    1815     200     200   6.6   2
 2854    2740    1697     200     200   6.3   2
 2855    2691    1814     200     200   5.9   2
 2855    2780    1694     200     200   7.2   2
 2856    2726    1811     200     200   5.2   2
 2856    2820    1690     200     200   7.4   2
 2857    2761    1809     200     200   6.4   2
 2857    2862    1687     200     200   8.3   2
 2858    2797    1805     200     200   7.5   2
 2858    2904    1683     200     200   8.7   2
 2859    2833    1801     200     200   7.1   2
 2859    2948    1678     200     200   8.6   2
 2860    2869    1797     200     200   4.9   2
 2860    2993    1672     200     200   8.7   2
 2861    2907    1792     200     200   4.6   2
 2861    3040    1665     200     200   6.8   2
 2862    2945    1786     200     200   6.7   2
 2862    3087    1658     200     200   5.8   2
 2863    2983    1781     200     200   7.4   2
 2863    3137    1651     200     200   6.8   2
 2864    3022    1776     200     200   6.7   2
 2864    3189    1643     200     200   8.0   2
 2865    3061    1772     200     200   6.8   2
 2865    3243    1636     200     200   9.2   2
 2866    3101    1767     200     200   7.4   2
 2866    3301    1629     200     200   8.8   2
 2867    3142    1763     200     200   8.6   2
 2867    3363    1622     200     200   8.9   2
 2868    3183    1759     200     200   7.9   2
 2868    3428    1615     200     200   9.0   2
 2869    3225    1754     200     200   5.9   2
 2869    3499    1608     200     200   9.0   2
 2870    3269    1749     200     200   5.7   2
 2870    3575    1600     200     200   8.5   2
 2871    3314    1745     200     200   6.5   2
 2871    3656    1592     200     200   9.7   2
 2872    3360    1741     200     200   6.1   2
 2872    3740    1582     200     200  10.3   2
 2873    3406    1736     200     200   6.4   2
 2873    3830    1572     200     200  10.2   2
 2874    3453    1730     200     200   7.0   1
 2875    3503    1724     200     200   7.6   1
 2876    3555    1718     200     200   7.6   1
 2877    3608    1711     200     200   8.1   1
 2878    3664    1705     200     200   7.3   1
 2879    3724    1699     200     200   7.0   1
 2880    3787    1693     200     200   8.6   1
 2928    2267    1665     200     200   3.6   1
 2931    2221    1664     200     200   4.0   1
 2956     463    1552     200     200   4.0   1
 2963    2119    1678     200     200   3.3   1
 2964    2134    1677     200     200   3.3   1
 2965    2150    1677     200     200   3.3   1
 2967    2182    1676     200     200   3.3   1
 2968    2198    1675     200     200   3.3   1
 2998    2240    1581     200     200   4.3   1
 3001    2193    1578     200     200   4.5   1
 3004    2141    1579     200     200   3.8   1
 3006    2107    1583     200     200   3.6   1
 3007    2090    1586     200     200   4.5   1
 3040    2067    1621     200     200   4.0   1
 3041    2084    1618     200     200   3.8   1
 3042    2101    1616     200     200   4.2   1
 3043    2117    1612     200     200   3.6   1
 3044    2132    1609     200     200   3.3   1
 3045    2146    1607     200     200   3.6   1
 3066    2091    1563     200     200   5.3   1
 3069    2047    1559     200     200   5.2   1
 3082     174    1893     174     200   3.6   1
 3333    3004      45     200      45   5.6   1
 3334    2951     118     200     118   6.2   1
 3335    2888     183     200     183   3.6   1
 3336    2837     254     200     200   5.5   1
 3337    2798     310     200     200   8.4   1
 3338    2742     351     200     200   6.7   1
 3339    2721     411     200     200   7.2   1
 3340    2694     449     200     200   4.6   1
 3341    2707     504     200     200   6.1   1
 3342    2693     561     200     200   5.7   1
 3344    2692     672     200     200   6.0   1
 3345    2689     735     200     200   5.9   1
 3346    2685     791     200     200   6.7   1
 3348    2649     894     200     200   7.0   1
 3349    2624     928     200     200   6.1   1
 3355    2513    1164     200     200   4.9   1
 3357    2464    1254     200     200   6.6   1
 3359    2408    1343     200     200   5.2   1
 3360    2382    1365     200     200   3.3   1
 3364    2944    1553     200     200   3.4   2
 3364    2315    1467     200     200   5.5   2
 3366    2264    1537     200     200   4.7   1
 3367    2242    1560     200     200   5.6   1
 3373    2122    1702     200     200   3.6   1
 3805     981    1766     200     200   5.3   1
 3806     954    1776     200     200   6.2   1
 3807     932    1767     200     200   7.8   1
 3808     922    1722     200     200  14.9   1
 3811    2698     581     200     200   8.9   1
 3822    1192    1468     200     200   4.2   1
 3824    1018    1876     200     200  10.7   2
 3824    1149    1465     200     200   4.6   2
 3826    1105    1464     200     200   4.4   1
 3831     994    1467     200     200   3.5   1
 3833     951    1468     200     200   4.6   1
 3875      30    1172      30     200  11.0   1
 3876     138    1256     138     200   4.2   1
 3879     140    1385     140     200   4.8   2
 3879     162    1381     162     200  12.7   2
 3924    1898    1817     200     200   4.5   1
 3949    1761    1185     200     200   3.9   1
 3956     176    1571     176     200   4.5   1
 3982    2841    1267     200     200   4.1   1
 3983    2909    1249     200     200   3.6   1
 3984    2979    1227     200     200   5.9   1
 3985    3006    1200     200     200   4.1   1
 4003      61    1665      61     200   6.5   1
 4004     225    1656     200     200   6.7   1
 4005     381    1656     200     200   8.1   1
 4006     519    1655     200     200  10.3   1
 4007     628    1656     200     200   9.0   1
 4008     704    1653     200     200   3.6   1
 4010     792    1638     200     200   4.2   1
 4011     822    1614     200     200   8.1   1
 4012     883    1570     200     200  10.3   1
 4013     959    1522     200     200   9.1   1
 4014    1030    1457     200     200   8.9   1
 4015    1089    1391     200     200   7.0   1
 4016    1170    1341     200     200   9.1   1
 4017    1303    1291     200     200   9.3   1
 4018    1525    1216     200     200  16.8   1
 4019    1767    1134     200     200   8.8   1
 4020    1980    1079     200     200   6.4   1
 4021    2102    1077     200     200   6.8   1
 4022    2180    1112     200     200   7.6   1
 4023    2263    1173     200     200   9.6   1
 4024    2270    1269     200     200   5.2   1
 4025    2198    1348     200     200   7.8   1
 4026    2069    1404     200     200   5.0   1
 4027    1907    1440     200     200   5.9   1
 4028    1715    1449     200     200  10.5   1
 4029    1518    1419     200     200  12.1   1
 4030    1313    1372     200     200   9.7   2
 4030     171      12     171      12   7.8   2
 4031    1105    1346     200     200  12.0   2
 4031     182      53     182      53   7.5   2
 4032     896    1276     200     200   6.9   2
 4032     184      89     184      89   7.7   2
 4033     709    1180     200     200   4.6   2
 4033     178     121     178     121   6.5   2
 4034     554    1086     200     200  13.5   2
 4034     163     146     163     146   4.9   2
 4035     142     168     142     168   3.4   1
 4036     209     988     200     200   7.0   1
 4037       7     999       7     200   3.8   2
 4037      70     193      70     193   3.8   2
 4109    2203     791     200     200   3.6   1
 4146    3729    1930     200     200   5.8   1
 4147    3596    1954     200     200   6.7   1
 4148    3457    1969     200     200  10.8   1
 4149    3309    1979     200     200   8.2   1
 4150    3161    1976     200     200   6.8   1
 4151    3013    1970     200     200   6.9   1
 4152    2872    1951     200     200   5.1   1
 4153    2736    1935     200     200  11.4   1
 4154    2602    1912     200     200  10.8   1
 4155    2471    1893     200     200   7.5   1
 4156    2345    1870     200     200   7.2   1
 4157    2219    1851     200     200   8.5   1
 4158    2091    1828     200     200   9.8   1
 4162    1703    1782     200     200   7.2   1
 4163    1640    1776     200     200  10.3   1
 4164    1543    1771     200     200   7.9   1
 4166    1326    1767     200     200   5.0   1
 4167    1210    1768     200     200   4.2   1
 4170     839    1733     200     200   5.7   1
 4171     709    1703     200     200   7.9   1
 4172     570    1661     200     200   8.7   1
 4173     434    1606     200     200   5.6   1
 4193     246    1790     200     200   3.9   1
 4194     381    1792     200     200   5.3   1
 4195     519    1796     200     200   5.8   1
 4196     647    1788     200     200   5.1   1
 4197     754    1774     200     200   7.7   1
 4198     833    1753     200     200   8.0   1
 4231    2601     419     200     200   3.6   1
 4232    2586     415     200     200   4.0   1
 4233    2569     411     200     200   4.2   1
 4234    2551     408     200     200   4.0   1
 4241    2441     417     200     200   3.8   1
 4290    2715     173     200     173   3.6   1
 4292    2683     163     200     163   3.9   1
 4294    2648     155     200     155   3.6   1
 4295    2629     153     200     153   3.6   1
 4300    2547     157     200     157   3.6   1
 4301    2532     161     200     161   3.8   1
 4302    2519     166     200     166   3.3   1
 4303    2507     172     200     172   3.9   1
 4304    2495     180     200     180   3.6   1
 4310    3430    1790     200     200   5.7   1
 4311    3021    1829     200     200   3.6   1
 4312    2714    1847     200     200   3.9   1
 4313    2459    1854     200     200   3.6   1
 4319    1874     975     200     200   4.6   1
 4321    1854     980     200     200   6.2   1
 4322    1839     985     200     200   7.0   1
 4323    1827     986     200     200   6.2   1
 4324    1811     987     200     200   6.8   1
 4325    1796     988     200     200   6.8   1
 4326    1782     988     200     200   7.2   1
 4327    1768     987     200     200   7.1   1
 4328    1755     985     200     200   6.2   1
 4329    1743     983     200     200   5.4   1
 4330    1733     979     200     200   4.7   1
 4331    1725     974     200     200   3.9   1
 4342    1779     847     200     200   4.4   1
 4343    1792     833     200     200   3.3   1
 4344    1807     820     200     200   3.8   1
 4345    1824     807     200     200   7.4   1
 4346    1845     795     200     200   5.9   1
 4347    1867     783     200     200   4.7   1
 4348    1892     771     200     200   6.7   1
 4349    1918     757     200     200   5.0   1
 4350    1944     744     200     200   4.4   1
 4351    1970     732     200     200   8.9   1
 4352    1998     723     200     200   6.3   1
 4353    2026     715     200     200   7.9   1
 4354    2055     708     200     200   8.6   1
 4355    2084     704     200     200   4.9   1
 4356    2115     700     200     200   9.1   1
 4357    2145     700     200     200   6.2   1
 4358    2175     701     200     200   4.7   1
 4359    2206     703     200     200   5.9   1
 4360    2234     706     200     200   5.1   1
 4397    2322     977     200     200   3.8   1
 4400    2254     984     200     200   3.6   1
 4402    2208     984     200     200   3.2   1
 4404    2163     985     200     200   7.5   1
 4405    2139     986     200     200   3.3   1
 4406    2117     988     200     200   5.7   1
 4407    2095     990     200     200   7.7   1
 4409    2052     999     200     200   6.3   1
 4410    2032    1005     200     200   5.2   1
 4411    2207    1822     200     200   3.3   1
 4412    1995    1019     200     200   5.4   1
 4454    2216    1919     200     200   3.5   1
 4458    2457    1936     200     200   3.6   1
 4563    1994    1970     200     200   5.2   1
 4621    1875    1852     200     200   3.6   1
 4622    1933    1833     200     200   5.3   1
 4623    1990    1809     200     200   5.4   1
 4624    2041    1781     200     200   4.2   1
 4625    2067    1753     200     200   4.1   1
 4626    2086    1721     200     200   8.6   1
 4627    2108    1663     200     200   7.1   1
 4628    2144    1607     200     200   5.7   1
 4629    2194    1569     200     200   7.3   1
 4630    2267    1508     200     200  10.2   1
 4631    2372    1433     200     200  11.7   1
 4632    2516    1331     200     200  14.2   1
 4633    2762    1202     200     200  14.7   1
 4634    3056    1049     200     200  10.4   1
 4635    3396     907     200     200   8.2   1
 4636    3811     786     200     200   7.5   1
 4666    1021    1484     200     200   3.3   1
 4667    1329    1504     200     200   6.3   1
 4668    1968    1639     200     200   9.5   1
 4669    3082    1857     200     200  10.7   1
 4711      25    1495      25     200   3.5   1
 4783    3820      47     200      47   7.5   1
 4784    3730     106     200     106   8.6   1
 4785    3639     166     200     166  15.3   1
 4786    3564     220     200     200   8.7   1
 4787    3487     279     200     200  11.7   1
 4788    3419     333     200     200  11.5   1
 4789    3360     386     200     200   9.2   1
 4790    3301     440     200     200  11.5   1
 4791    3249     487     200     200   8.7   1
 4792    3200     533     200     200   7.7   1
 4793    3151     578     200     200   8.0   1
 4795    3074     653     200     200   5.1   1
 4796    3037     689     200     200   4.6   1
 4798    2976     755     200     200   5.2   1
 4799    3827    1460     200     200  10.2   1
 4800    3690    1519     200     200  13.6   1
 4801    3584    1561     200     200  11.8   2
 4801    2906     849     200     200   3.2   2
 4802    3516    1591     200     200  10.6   1
 4803    3484    1612     200     200   7.9   2
 4803    2858     909     200     200   4.1   2
 4804    3488    1627     200     200   5.0   1
 4805    2852     981     200     200   5.4   1
 4808    2790    1071     200     200   4.5   1
 4810    3737    1713     200     200   4.0   2
 4810    2787    1131     200     200   3.7   2
 4811    2750    1151     200     200   4.5   1
 4895      55    1657      55     200   3.3   1
 5018    3799    1140     200     200   5.1   1
 5019    3765    1185     200     200   6.8   1
 5020    3702    1212     200     200   7.8   1
 5021    3663    1246     200     200   3.7   1
 5022    3634    1279     200     200   5.2   1
 5023    3579    1300     200     200   8.3   1
 5024    3546    1324     200     200   3.3   1
 5026    3474    1361     200     200   6.3   1
 5029    3381    1401     200     200   4.9   1
 5031    3324    1420     200     200   5.6   1
 5034    3255    1442     200     200   6.8   1
 5037    3198    1460     200     200   4.6   1
 5042    3117    1486     200     200   5.3   1
 5047    3063    1544     200     200   5.3   1
 5051    3037    1598     200     200   4.6   1
 5052    3022    1608     200     200   4.2   1
 5057    2985    1667     200     200   3.6   1
 5113    3022    1821     200     200   4.5   1
 5119     261    1419     200     200   4.6   1
 5120     309    1424     200     200   5.1   1
 5123     453    1435     200     200   3.8   1
 5129     744    1450     200     200   3.4   1
 5130     791    1451     200     200   4.2   1
 5131     838    1453     200     200   4.9   1
 5132     885    1455     200     200   4.6   1
 5133     932    1458     200     200   5.4   1
 5134     979    1461     200     200   7.1   1
 5135    1027    1464     200     200   6.1   1
 5136    1076    1468     200     200   5.4   1
 5137    1125    1472     200     200   5.0   1
 5138    1175    1476     200     200   5.5   1
 5139    1224    1482     200     200   5.8   1
 5140    1275    1488     200     200   5.9   1
 5141    1325    1494     200     200   5.4   1
 5142    1377    1502     200     200   5.7   1
 5143    1428    1510     200     200   6.6   1
 5144    1481    1518     200     200   5.7   1
 5145    1535    1527     200     200   5.7   1
 5146    1590    1535     200     200   5.7   1
 5147    1645    1542     200     200   5.3   1
 5148    1702    1548     200     200   5.8   1
 5149    1760    1553     200     200   5.9   1
 5150    1819    1556     200     200   7.3   1
 5151    1878    1557     200     200   7.1   1
 5152    1939    1556     200     200   7.8   1
 5153    2000    1554     200     200   8.1   1
 5154    2061    1550     200     200   7.2   1
 5155    2123    1544     200     200   7.3   1
 5156    2185    1537     200     200   6.8   1
 5157    2246    1529     200     200   4.9   1
 5158    2307    1521     200     200   6.4   1
 5159    2367    1513     200     200   7.2   1
 5160    2428    1505     200     200   6.0   1
 5161    2488    1496     200     200   6.2   1
 5162    2547    1488     200     200   6.0   1
 5163    2607    1481     200     200   5.8   1
 5164    2667    1475     200     200   6.3   1
 5165    2727    1471     200     200   7.8   1
 5166    2788    1467     200     200   6.8   1
 5167    2850    1463     200     200   7.9   1
 5168    2912    1462     200     200   8.9   1
 5169    2977    1461     200     200   7.8   1
 5170    3043    1461     200     200   7.5   1
 5171    3109    1461     200     200   7.9   1
 5172    3178    1460     200     200   8.8   1
 5173    3247    1458     200     200   8.4   1
 5174    3318    1456     200     200   6.2   1
 5175    3392    1453     200     200   7.4   1
 5176    3465    1451     200     200   8.4   1
 5177    3540    1449     200     200   9.1   1
 5178    3616    1451     200     200   6.9   1
 5179    3693    1453     200     200   7.7   1
 5180    3772    1457     200     200   8.5   1
 5185     615     370     200     200   8.8   1
 5221    3327      56     200      56   4.6   1
 5222    3282      93     200      93   4.3   1
 5224    3195     162     200     162   4.8   1
 5226    3115     230     200     200   3.7   1
 5229    3003     326     200     200   3.9   1
 5230    2969     357     200     200   3.7   1
 5257    2134    1875     200     200   4.4   1
 5258    2731    1766     200     200   4.7   1
 5259    3582    1447     200     200   5.0   1
 5382    2414     629     200     200   8.6   2
 5382    2434     626     200     200   8.5   2
 5383    2446     831     200     200   6.8   1
 5384    2475     979     200     200   7.2   1
 5385    2525    1092     200     200  12.9   1
 5387    2617    1232     200     200   4.8   1
 5388    2670    1296     200     200   7.6   1
 5389    2728    1368     200     200   8.3   1
 5390    2791    1431     200     200   7.3   1
 5391    2842    1488     200     200   7.4   1
 5392    2890    1551     200     200   6.5   1
 5393    2939    1631     200     200   9.4   1
 5394    2985    1701     200     200   7.9   1
 5395    3019    1758     200     200   5.9   1
 5396    3040    1804     200     200   4.3   1
 5399    3058    1912     200     200   3.5   1
 5400    3029    1941     200     200   4.0   1
 5409    2499    1979     200     200   6.0   1
 5410    2442    1941     200     200   4.9   1
 5411    2381    1905     200     200   3.6   1
 5415    2139    1846     200     200   6.1   1
 5416    2077    1832     200     200   3.6   1
 5417    2013    1822     200     200   5.0   1
 5418    1948    1810     200     200   5.9   1
 5422    1674    1767     200     200   7.2   1
 5423    1599    1757     200     200   4.3   1
 5424    1523    1748     200     200   4.2   1
 5429    1106    1700     200     200   6.0   1
 5431     919    1649     200     200   5.1   1
 5472    1321    1847     200     200   3.6   1
 5530    1418     968     200     200   3.9   1
 5533    1875     621     200     200   9.7   1
 5534    2096     447     200     200  13.4   1
 5535    2365     304     200     200  18.0   1
 5536    2637     249     200     200   8.0   1
 5607    3654    1345     200     200   4.4   1
 5608    3228    1556     200     200   5.2   1
 5609    3123    1731     200     200   4.7   1
 5610    3049    1924     200     200   4.0   1
 5615    1959    1493     200     200   9.2   1
 5616    1929    1464     200     200   6.7   1
 5617    1885    1439     200     200   4.1   1
 5618    1833    1413     200     200   3.8   1
 5619    1777    1385     200     200   7.0   1
 5620    1710    1350     200     200  11.3   1
 5621    1605    1297     200     200   5.1   1
 5623    1426    1128     200     200   9.3   1
 5624    1363    1034     200     200   4.7   1
 5627    1073     888     200     200   7.1   1
 5628     894     853     200     200   5.9   1
 5629     686     832     200     200   9.7   1
 5630     514     835     200     200   5.0   1
 5631     378     841     200     200   6.9   1
 5640     622    1194     200     200   5.1   1
 5642     892    1251     200     200   4.1   1
 5645    1286    1336     200     200   4.9   1
 5646    1418    1354     200     200   7.8   1
 5647    1537    1365     200     200   8.3   1
 5648    1630    1360     200     200   3.8   1
 5653    2110    1191     200     200   4.1   1
 5654    2209    1115     200     200   6.6   1
 5655    2312    1017     200     200   5.3   1
 5657    2505     763     200     200   4.3   1
 5658    2697     652     200     200  10.2   1
 5659    2961     574     200     200   6.1   1
 5660    3279     473     200     200   5.6   1
 5661    3618     331     200     200  10.8   1
 5673    3184    1515     200     200  13.4   1
 5678      56    1086      56     200   4.2   1
 5679     134    1093     134     200   4.1   1
 5680     211    1101     200     200   4.6   1
 5681     289    1109     200     200   4.1   1
 5682     366    1118     200     200   4.1   1
 5683     443    1127     200     200   5.0   1
 5684     519    1137     200     200   8.3   1
 5685     595    1145     200     200   3.2   1
 5686     671    1154     200     200   7.3   1
 5687     746    1162     200     200   3.3   1
 5688     819    1170     200     200   4.2   1
 5689     892    1177     200     200   7.4   1
 5690     963    1185     200     200   3.5   1
 5691    1034    1193     200     200   7.8   1
 5692    1104    1200     200     200   8.1   1
 5693    1175    1207     200     200   3.9   1
 5694    1244    1213     200     200   3.7   1
 5695    1314    1219     200     200   3.7   1
 5696    1383    1224     200     200   3.3   1
 5697    1452    1229     200     200   3.7   1
 5698    1521    1235     200     200   4.2   1
 5699    1589    1240     200     200   8.4   1
 5700    1658    1246     200     200   8.6   1
 5701    1726    1251     200     200   8.9   1
 5702    1794    1256     200     200   4.2   1
 5703    1863    1262     200     200   4.5   1
 5704    1931    1268     200     200   5.0   1
 5705    2000    1273     200     200   3.7   1
 5706    2068    1280     200     200   3.3   1
 5707    2137    1286     200     200   3.8   1
 5708    2206    1293     200     200   4.5   1
 5709    2274    1300     200     200   4.6   1
 5710    2343    1307     200     200   4.6   1
 5711    2411    1315     200     200   8.7   1
 5712    2479    1322     200     200   4.6   1
 5713    2547    1330     200     200   5.9   1
 5714    2613    1340     200     200   4.6   1
 5715    2678    1350     200     200   4.5   1
 5716    2743    1361     200     200   4.5   1
 5717    2807    1373     200     200   4.3   1
 5718    2870    1386     200     200  12.1   1
 5719    2931    1398     200     200  11.7   1
 5720    2991    1411     200     200  11.7   1
 5721    3051    1425     200     200  10.5   1
 5722    3109    1440     200     200  11.0   1
 5723    3166    1455     200     200  10.7   1
 5724    3223    1471     200     200  10.1   1
 5725    3279    1485     200     200   9.6   1
 5726    3334    1499     200     200   9.2   1
 5727    3388    1513     200     200   7.7   1
 5728    3442    1525     200     200   7.8   1
 5729    3496    1537     200     200   8.4   1
 5730    3549    1547     200     200   7.9   1
 5731     574    1863     200     200   3.9   2
 5731    3601    1557     200     200   7.3   2
 5732    3650    1567     200     200   6.4   1
 5733    3699    1575     200     200   4.5   1
 5734    3748    1584     200     200   4.3   4
 5734    1541     213     200     200  16.9   4
 5734    1553     188     200     188  16.6   4
 5734    1569     165     200     165   8.7   4
 5735    3795    1591     200     200   4.6   3
 5735    1991     499     200     200   6.2   3
 5735    2010     473     200     200  15.6   3
 5736    2215     739     200     200  13.2   2
 5736    2236     714     200     200   9.6   2
 5737    2288     919     200     200   9.2   1
 5738    2292    1093     200     200   5.7   1
 5739    2302    1209     200     200   6.4   2
 5739    2273    1209     200     200  13.4   2
 5740    2289    1248     200     200  11.7   2
 5740    2275    1228     200     200   7.7   2
 5741    2297    1261     200     200  10.3   2
 5741    2308    1242     200     200   8.8   2
 5742    2277    1278     200     200   7.2   1
 5743    2198    1308     200     200  13.0   1
 5744    2085    1336     200     200  12.4   1
 5745    1944    1363     200     200  11.1   1
 5746    1793    1353     200     200  10.9   1
 5747    1627    1328     200     200   9.1   1
 5748    1462    1299     200     200  10.8   1
 5749    1295    1259     200     200   8.0   1
 5750    1109    1236     200     200   8.9   1
 5751     876    1273     200     200   8.6   1
 5752     565    1375     200     200   9.2   1
 5753     111    1471     111     200   6.9   1
 5812    1062    1599     200     200   7.9   1
 5813    2060    1704     200     200   8.5   1
 5814    2820    1820     200     200   6.0   1
 5815    3319    1921     200     200   5.7   1
 5830    2618    1815     200     200   4.7   1
 5950     769    1819     200     200   6.6   1
 6062    1583      28     200      28  10.3   1
 6141    1477    1853     200     200   5.1   1
 6142     997    1910     200     200   5.7   1
 6336    3537    1343     200     200   4.5   1
 6337    3154    1660     200     200   5.3   1
 6338    2912    1859     200     200   4.3   1
 6360    2638    1369     200     200   4.3   1
 6361    2508    1834     200     200  10.1   2
 6361    3612    1577     200     200   7.1   2
 6674    3730    1919     200     200  11.1   1
 6675    2626    1574     200     200   8.8   1
 6676    1920    1460     200     200   6.3   1
 6677    1218    1432     200     200   5.2   1
 6724    3110     521     200     200   4.9   1
 6726    1743    1727     200     200   5.0   1
 6738    3039    1978     200     200   4.7   1
 6805    2200     967     200     200   4.2   1
 6864    3171    1483     200     200   8.4   1
 6898     403    1753     200     200   4.6   1
 7075    1232     962     200     200   4.3   1
 7076    1156    1005     200     200   3.6   1
 7090    1345    1443     200     200   5.5   1
 7091    1376    1483     200     200   3.6   1
 7100    1339    1938     200     200   3.8   1
 7101    1337    1893     200     200   4.5   1
 7102    1318    1853     200     200   4.0   1
 7103    1291    1803     200     200   3.2   2
 7103     599    1419     200     200   7.0   2
 7104    1257    1792     200     200   3.8   1
 7105    1227    1827     200     200   5.4   1
 7106    1244    1890     200     200   5.9   1
 7107    1310    1902     200     200   7.3   1
 7108    1397    1877     200     200   9.2   1
 7109    1462    1778     200     200  10.7   1
 7110    1481    1620     200     200  10.9   1
 7111    1441    1379     200     200  11.0   1
 7112    1309     983     200     200   8.3   1
 7145    2795    1979     200     200   3.3   1
 7146    2800    1963     200     200   6.0   1
 7147    2871    1908     200     200   7.9   1
 7148    3060    1752     200     200   8.4   1
 7149    1775    1655     200     200   4.1   2
 7149     919    1196     200     200   3.9   2
 7150    2031    1888     200     200   7.5   1
 7161    3710    1461     200     200   6.3   1
 7162    3555    1434     200     200   5.8   1
 7163    3398    1424     200     200   5.8   1
 7164    3237    1396     200     200   6.5   1
 7165    3070    1377     200     200   6.2   1
 7166    2910    1365     200     200   3.9   1
 7167    2752    1369     200     200   5.1   1
 7168    2597    1367     200     200   9.7   1
 7169    2454    1382     200     200  14.3   1
 7170    2329    1404     200     200  10.3   1
 7171    2209    1427     200     200  12.0   1
 7172    2097    1437     200     200   9.5   1
 7173    1993    1445     200     200   4.3   1
 7174    1255    1902     200     200   4.5   2
 7174    1898    1446     200     200   7.7   2
 7175    1555    1874     200     200   6.4   2
 7175    1818    1449     200     200   4.9   2
 7176    1957    1824     200     200   6.8   2
 7176    1743    1452     200     200   6.2   2
 7177    2555    1675     200     200   3.7   2
 7177    1660    1445     200     200   3.7   2
 7179    1487    1459     200     200   3.8   1
 7181    1327    1493     200     200   5.7   1
 7182    1253    1512     200     200  11.1   1
 7185    1076    1569     200     200   3.7   1
 7186    1027    1579     200     200   6.0   1
 7208    3346     933     200     200   4.9   1
 7209    3229     932     200     200   6.6   1
 7210    3107     928     200     200   5.7   1
 7211    2985     927     200     200   6.0   1
 7212    2863     930     200     200   7.6   1
 7213    2751     936     200     200   6.8   1
 7214    2653     942     200     200   5.5   1
 7215    2574     947     200     200   3.2   1
 7218    2451    1034     200     200   4.2   1
 7221    2353    1088     200     200   7.2   1
 7266    1973    1749     200     200   5.5   1
 7267    1714    1296     200     200   4.9   1
 7270    3048    1911     200     200   3.8   1
 7281    1066     529     200     200   3.6   1
 7283     811     870     200     200   4.4   1
 7284     757     828     200     200   5.3   1
 7285     716     803     200     200   4.0   1
 7315    1653     252     200     200   4.5   1
 7316    1588     249     200     200   3.7   1
 7317    1517     258     200     200   4.4   1
 7385    3091     168     200     168   7.4   1
 7386    2990     169     200     169   6.7   1
 7404     724    1535     200     200   7.0   1
 7405    1549    1735     200     200   8.5   1
 7406    2209    1902     200     200   8.0   1
 7407    1163     196     200     196   4.2   1
 7450    1813     857     200     200   3.8   1
 7452    2044     769     200     200   7.0   1
 7454    2292     673     200     200   3.3   1
 7578    1036    1851     200     200   3.9   1
 7736    3485    1919     200     200   4.3   1
 7905    2588    1318     200     200   4.1   1
 7917    2771     284     200     200   4.3   1
 7933     171    1125     171     200   5.6   1
 7938    1112      99     200      99   3.2   1
 7939    1371     253     200     200   7.7   2
 7939    1388     234     200     200   6.1   2
 7940    3004    1659     200     200   3.5   2
 7940     296    1583     200     200   3.6   2
 7941    1228    1863     200     200   4.7   3
 7941    1683     521     200     200   4.8   3
 7941    1700     509     200     200   4.1   3
 7942    1757     644     200     200   5.2   1
 7946    1665     972     200     200   5.1   1
 7947    1639    1064     200     200   6.2   1
 7948    1634    1163     200     200  11.0   1
 7952    1451    1303     200     200   4.7   1
 7953    1372    1311     200     200   9.4   1
 7959     687    1212     200     200   4.5   1
 7960     558    1172     200     200   5.3   1
 7961     434    1124     200     200   5.3   1
 8011    2394    1971     200     200   5.0   1
 8012    2348    1930     200     200   4.0   1
 8013    2337    1914     200     200   3.6   1
 8017    2205    1904     200     200   3.8   1
 8018    2143    1911     200     200   3.3   1
 8019    2071    1906     200     200   3.6   1
 8022    1965    1893     200     200   3.6   1
 8068    3273    1650     200     200   4.1   1
 8127    3813    1655     200     200   5.1   1
 8130    3709    1654     200     200   3.7   1
 8134    3567    1660     200     200   4.9   1
 8138    3424    1665     200     200   4.6   1
 8141    3314    1658     200     200   4.9   1
 8142    3276    1654     200     200   5.5   1
 8144    3202    1643     200     200   4.4   1
 8145    3166    1641     200     200   6.1   1
 8150    2998    1615     200     200   5.1   1
 8151    2968    1612     200     200   6.1   1
 8152    2939    1617     200     200   3.3   1
 8153    2910    1616     200     200   6.3   1
 8155    2851    1623     200     200   3.6   1
 8158    2765    1639     200     200   4.2   1
 8161    2674    1648     200     200   5.0   1
 8168    2462    1661     200     200   4.4   1
 8171    2369    1671     200     200   5.8   1
 8174    2274    1682     200     200   4.0   1
 8186    1869    1695     200     200   3.6   1
 8187    1833    1693     200     200   4.0   1
 8191    1699    1679     200     200   5.0   1
 8194    1605    1665     200     200   4.2   1
 8195    1573    1664     200     200   5.3   1
 8198    1481    1662     200     200   3.6   1
 8203    1317    1653     200     200   4.0   1
 8206    1210    1644     200     200   4.9   1
 8207    1173    1641     200     200   5.0   1
 8208    1135    1635     200     200   3.4   1
 8209    1097    1629     200     200   4.0   1
 8211    1018    1619     200     200   5.6   1
 8212     977    1614     200     200   5.0   1
 8214     894    1605     200     200   7.2   1
 8215     851    1601     200     200   3.6   1
 8217     770    1593     200     200   7.0   1
 8220     649    1586     200     200   6.1   1
 8221     609    1581     200     200   4.3   1
 8223     538    1573     200     200   5.7   1
 8226     446    1559     200     200   6.9   1
 8227     411    1557     200     200   4.6   1
 8231     294    1529     200     200   6.5   1
 8233     232    1518     200     200   7.0   1
 8234     198    1515     198     200   5.2   1
 8235     173    1510     173     200   3.7   1
 8236     140    1506     140     200   4.7   1
 8237     103    1503     103     200   4.6   1
 8238      71    1497      71     200   5.8   1
 8239      30    1494      30     200   4.3   1
 8240      92    1435      92     200   6.7   1
 8241     308    1456     200     200   5.9   1
 8242     526    1470     200     200  12.0   1
 8243     779    1428     200     200  16.9   1
 8244    1033    1347     200     200   4.6   1
 8245    1273    1254     200     200  10.0   1
 8246    1508    1180     200     200   9.8   1
 8247    1738    1109     200     200   5.0   1
 8248    1927    1012     200     200   3.7   1
 8249    2125     911     200     200   7.3   1
 8250    2352     818     200     200  11.6   1
 8251    2702     675     200     200   5.0   1
 8252    3203     494     200     200  17.4   1
 8253    3742     311     200     200  15.9   1
 8352    2184    1972     200     200   5.6   1
 8424    3006    1927     200     200   4.0   1
 8426    3096    1667     200     200   3.6   1
 8472    1557    1369     200     200   5.4   1
 8580    2103    1645     200     200   4.1   1
 8588    1501    1873     200     200   5.7   1
 8589    2293    1638     200     200   3.5   1
 8617    3588     574     200     200   5.0   1
 8618    3385     763     200     200  13.0   1
 8619    3382     890     200     200  14.6   2
 8619    3353     877     200     200  16.2   2
 8621    3451    1048     200     200  10.6   1
 8622    3363    1131     200     200  17.5   1
 8623    3220    1200     200     200  10.6   1
 8624    3073    1255     200     200   7.8   1
 8625    2921    1307     200     200   4.6   1
 8626    2769    1351     200     200  12.4   1
 8627    2618    1390     200     200   7.1   1
 8628    2467    1416     200     200   4.9   1
 8629    2310    1424     200     200  13.5   1
 8630    2137    1394     200     200  14.1   1
 8631    1944    1329     200     200  14.9   1
 8632    1730    1246     200     200   4.1   1
 8633    1494    1144     200     200  16.9   1
 8634    1222    1037     200     200  11.3   1
 8635     789     890     200     200   5.8   1
 8636     240     611     200     200   5.5   1
 8640    3835    1068     200     200   6.3   1
 8641    3633    1111     200     200   3.7   1
 8642    3474    1151     200     200   5.0   1
 8643    3345    1179     200     200   8.7   1
 8644    3241    1183     200     200   6.0   1
 8645    3148    1221     200     200   7.5   1
 8646    3075    1281     200     200   8.3   1
 8647    2997    1350     200     200   4.4   1
 8648    2918    1426     200     200   5.4   1
 8649    2824    1491     200     200   5.9   1
 8650    2714    1541     200     200   5.7   1
 8651    2593    1575     200     200   5.0   1
 8652    2465    1591     200     200   6.8   1
 8653    2338    1596     200     200   7.8   1
 8654    2213    1613     200     200  11.9   1
 8655    2089    1616     200     200  11.8   1
 8656    1973    1605     200     200  10.9   1
 8657    1872    1587     200     200  12.1   1
 8658    1795    1566     200     200  12.8   1
 8659    1753    1545     200     200   6.7   1
 8660    1762    1531     200     200  13.4   1
 8661    1827    1529     200     200  16.8   1
 8662    1956    1526     200     200  18.9   1
 8663    2148    1512     200     200  17.3   1
 8664    2395    1472     200     200   3.6   1
 8665    2718    1416     200     200  14.7   1
 8666    3135    1297     200     200  19.5   1
 8691    1116     385     200     200   5.7   1
 8692    1171     566     200     200   7.1   1
 8695    1231     843     200     200   7.7   1
 8698    1317    1068     200     200   7.3   1
 8699    1340    1155     200     200   5.6   1
 8700    1361    1231     200     200   5.2   1
 8701    1384    1298     200     200   6.8   1
 8702    1399    1368     200     200   6.6   1
 8704    1401    1472     200     200   7.6   1
 8724     949    1909     200     200   3.5   1
 8729    3024     141     200     141  11.2   1
 8730    2871      72     200      72  10.9   1
 8731    3314     106     200     106   7.2   1
 8738     158    1686     158     200  15.8   1
 8739     468    1733     200     200  12.9   1
 8740     748    1782     200     200  13.0   1
 8741     943    1825     200     200  12.1   1
 8742    1067    1875     200     200  11.7   1
 8743    1136    1907     200     200   6.3   1
 8744    1152    1906     200     200  11.5   1
 8745    1090    1883     200     200  16.4   1
 8746     970    1855     200     200  11.6   1
 8747     833    1826     200     200   6.0   1
 8748    1217    1912     200     200   4.3   2
 8748     699    1820     200     200   3.6   2
 8749     588    1778     200     200   7.1   1
 8750     503    1715     200     200  10.6   1
 8751     407    1681     200     200  13.0   1
 8752     276    1670     200     200   7.3   1
 8753     123    1672     123     200   7.5   1
 8755    1751    1943     200     200  10.5   1
 8756       1    1399       1     200   5.0   1
 8797     371    1862     200     200   8.0   1
 8798     598    1825     200     200   6.1   1
 8799     784    1749     200     200   6.0   1
 8800     944    1692     200     200  11.7   1
 8801    1054    1669     200     200   8.8   1
 8802    1116    1650     200     200   3.4   1
 8804    1125    1674     200     200   8.8   1
 8805    1189    1682     200     200  13.4   1
 8806    1308    1679     200     200  10.8   1
 8807    1427    1664     200     200   8.6   1
 8808    1517    1695     200     200  12.7   1
 8809    1586    1732     200     200  12.0   1
 8810    1617    1769     200     200   3.4   1
 8811    1617    1801     200     200  10.1   1
 8812    1608    1825     200     200   4.3   1
 8813    1623    1827     200     200   7.7   1
 8814    1667    1806     200     200   6.0   1
 8815    1700    1780     200     200   4.4   1
 8816    1709    1760     200     200   6.2   1
 8817    1682    1760     200     200   8.6   1
 8818    1625    1769     200     200   7.8   1
 8819    1556    1779     200     200   7.7   1
 8820    1481    1788     200     200   7.2   1
 8821    1402    1801     200     200   6.5   1
 8822    1314    1817     200     200   7.1   1
 8823    1217    1832     200     200   8.4   1
 8825    1001    1816     200     200   6.6   1
 8826     895    1796     200     200   7.3   1
 8827     801    1767     200     200   4.3   1
 8828     712    1747     200     200   3.6   1
 8829     622    1722     200     200   4.3   1
 8830     525    1705     200     200   5.8   1
 8831     421    1692     200     200   6.0   1
 8832     306    1679     200     200   5.3   1
 8834      64    1673      64     200   7.6   1
 8860    2552    1953     200     200   8.4   1
 8992    2908    1955     200     200   4.8   1
 9010     989    1899     200     200   3.8   1
 9153    2273    1764     200     200   3.6   1
 9194    1945    1769     200     200   5.3   1
 9208    2334    1513     200     200   5.4   1
 9209    3506    1860     200     200   5.3   1
 9250    3444    1407     200     200  15.3   1
 9251    1479    1220     200     200  10.3   1
 9262    3419    1619     200     200   3.6   1
 9263    3132    1916     200     200   3.9   1
 9307    3428    1919     200     200   3.9   1
 9367     970    1930     200     200   4.3   1
 9386     825    1392     200     200   7.6   1
 9413     215    1163     200     200  13.6   1
 9414     275    1391     200     200  33.9   1
 9415     179    1590     179     200  12.0   1
 9416     328    1724     200     200   7.6   1
 9417     479    1787     200     200   4.8   1
 9418     587    1827     200     200   4.8   1
 9419     704    1839     200     200  16.9   1
 9420     846    1834     200     200   3.7   1
 9421     986    1814     200     200  11.8   1
 9422    1106    1794     200     200  15.0   1
 9423    1198    1766     200     200  10.6   1
 9424    1224    1743     200     200   8.9   2
 9424    1137    1575     200     200   6.3   2
 9425    1206    1732     200     200  12.6   1
 9426    1140    1731     200     200  11.8   1
 9427    1039    1721     200     200  10.4   1
 9428     915    1704     200     200  10.9   1
 9429     778    1679     200     200  12.7   1
 9430     626    1649     200     200  11.0   1
 9431     481    1611     200     200   3.8   1
 9432     344    1553     200     200   3.8   1
 9433     208    1502     200     200   8.9   1
 9509    2462    1958     200     200   4.4   1
 9539     158    1845     158     200   8.9   1
 9578    2699    1833     200     200   3.7   1
 9579    2103    1971     200     200   6.8   1
 9646    1086    1858     200     200   4.2   1
 9654    1650    1728     200     200   7.9   1
 9924    1881    1920     200     200   3.8   1
 9955     366    1348     200     200   3.6   1
 9971    3420    1684     200     200   5.9   1
 9972    3008    1467     200     200   6.6   1
 9973    2615    1183     200     200   4.9   1
 9976    1680    1171     200     200   6.0   1
 9977    1442    1325     200     200   3.6   1
 9978    1100    1454     200     200   4.1   1
 9979     675    1539     200     200   5.1   1
10008    3833    1407     200     200   6.5   1
10009    3397    1791     200     200  15.1   2
10009    3730    1409     200     200   6.5   2
10010    3636    1404     200     200   4.7   1
10011    3539    1395     200     200   7.3   1
10012    3438    1391     200     200   7.2   1
10013    3349    1379     200     200  10.4   1
10014    3251    1374     200     200   5.4   1
10015    3153    1372     200     200   6.2   1
10016    3060    1365     200     200  17.1   1
10017    2959    1365     200     200   7.3   1
10018    2862    1357     200     200  14.0   1
10019    2769    1347     200     200   8.0   1
10020    2674    1348     200     200   4.8   1
10021    2581    1336     200     200   8.3   1
10022    2494    1326     200     200   6.0   1
10023    2405    1324     200     200   6.2   1
10024    2324    1311     200     200   9.3   1
10025    2240    1311     200     200   4.2   1
10026    2158    1303     200     200   9.2   1
10027    2081    1297     200     200  13.6   1
10028    2002    1292     200     200   8.1   1
10029    1931    1279     200     200   6.6   1
10030    1865    1276     200     200  11.4   1
10031    1799    1274     200     200   5.7   1
10032    1740    1280     200     200  11.8   1
10033    1687    1294     200     200   8.3   1
10034    1631    1302     200     200   5.1   1
10035    1582    1323     200     200   4.0   1
10036    1528    1339     200     200   5.5   1
10037    1473    1359     200     200   4.0   1
10039    1367    1392     200     200   7.0   1
10040    1313    1408     200     200   5.2   1
10041    1254    1424     200     200   3.8   1
10042    1200    1433     200     200  13.9   1
10043    1150    1449     200     200   5.8   1
10044    1101    1460     200     200   5.8   1
10045    1063    1474     200     200  10.8   1
10047     994    1502     200     200   4.5   1
10050     915    1549     200     200   8.7   1
10053     854    1589     200     200   3.8   1
10058     772    1634     200     200   4.2   1
10065    2256    1316     200     200   3.6   1
10066    2294    1273     200     200   3.4   1
10074     429    1677     200     200   5.7   1
10079     287    1688     200     200   5.4   1
10264    1329    1665     200     200   4.5   1
10265    1595    1464     200     200   4.2   1
10266    1938    1077     200     200   5.9   1
10298    3348    1832     200     200   4.0   1
10330     690      42     200      42   8.1   2
10330     645      36     200      36  14.3   2
10331    1668     207     200     200   8.0   2
10331    1627     202     200     200  15.8   2
10332    2617     216     200     200   3.4   3
10332    2684     205     200     200   7.6   3
10332    2641     207     200     200  15.4   3
10333    3824       1     200       1  12.7   1
10379    3700    1419     200     200   8.2   1
10380    3411    1512     200     200   3.6   1
10381    3127    1536     200     200   8.6   1
10382    2860    1540     200     200   7.3   1
10383    2612    1574     200     200   5.8   1
10384    2349    1624     200     200   5.1   1
10386    1667    1694     200     200   9.5   1
10387    1269    1655     200     200  14.3   2
10387    1249    1656     200     200   6.1   2
10388     893    1544     200     200   5.4   1
10392    1541      79     200      79   5.0   1
10431    3726    1965     200     200   5.5   1
10463     323    1689     200     200   7.5   1
10464    1204    1793     200     200   3.9   1
10465    1655    1941     200     200   4.2   1
10477    1188    1721     200     200   3.9   1
10478    1475    1635     200     200   5.1   1
10479    1874    1516     200     200   5.9   1
10480    2403    1328     200     200   6.8   1
10481    3274     977     200     200   8.6   1
10531    2900    1098     200     200   7.8   1
10643    3795    1371     200     200   3.8   1
10647    3645    1411     200     200   4.0   1
10648    3601    1409     200     200   4.0   1
10651    3498    1427     200     200   3.8   1
10652    3465    1434     200     200   3.7   1
10653    3432    1435     200     200   3.9   1
10657    3322    1463     200     200   4.0   1
10658    3289    1464     200     200   4.0   1
10662    3194    1494     200     200   3.6   1
10663    3163    1495     200     200   4.0   1
10667    3075    1522     200     200   3.9   1
10702    2333    1625     200     200   3.7   1
10705    2277    1632     200     200   3.3   1
11310    1797    1793     200     200   3.8   1
11311    2170    1741     200     200   4.4   1
11312    2641    1692     200     200   4.0   1
11313    3191    1660     200     200   5.0   1
11453     857    1879     200     200   5.2   1
11460     202     917     200     200   7.2   1
11461     695     989     200     200   9.7   1
11462    1183     994     200     200  10.0   1
11463    1656     964     200     200  10.8   1
11464    2165     882     200     200   9.7   1
11465    2745     767     200     200   9.3   1
11466    3636     480     200     200  13.8   1
11478    2456    1661     200     200   8.1   1
11485     523    1539     200     200   3.7   1
11486     455    1526     200     200   3.3   1
11488     299    1509     200     200   4.2   1
11514     406     247     200     200   6.6   1
11515     838     133     200     133  10.5   1
11516    1218      44     200      44   6.6   1
11526    2428    1355     200     200   3.6   1
11559      94    1327      94     200   9.1   1
11561    1097    1502     200     200  11.9   1
11562    1653    1529     200     200   4.4   1
11563    2282    1489     200     200  12.3   1
11564    3032    1332     200     200   4.6   1
11610    2949    1949     200     200   5.6   1
11611    2918    1468     200     200   7.9   1
12107    3132     232     200     200   4.3   1
12108    3294    1065     200     200   4.1   1
12139     255    1735     200     200   3.8   1
12171     413    1915     200     200   4.3   1
12201    3826    1524     200     200   4.7   1
12204    1417    1972     200     200   5.8   1
12205    1371    1940     200     200   5.9   1
12206    1313    1909     200     200   5.9   1
12207    1243    1884     200     200   7.6   1
12208    1162    1865     200     200   9.1   1
12209    1073    1837     200     200   5.9   1
12210     976    1809     200     200   6.1   1
12211     869    1772     200     200   7.3   1
12212     744    1726     200     200   8.0   1
12213     610    1660     200     200   8.1   1
12214     469    1608     200     200   6.7   1
12215     326    1560     200     200   3.8   1
12249     390    1560     200     200   7.0   1
12376    1415     676     200     200   4.8   1
12408    2146    1923     200     200   7.7   1
12414    3625    1973     200     200   9.3   1
12451     317    1366     200     200   5.0   1
12452     412    1377     200     200   4.2   1
12487    3447    1862     200     200   8.4   1
12488    3475    1957     200     200   5.1   1
12489     980    1628     200     200   3.8   1
12491    1115    1657     200     200   3.9   1
12567     910    1913     200     200   4.3   1
12569    1823    1825     200     200  14.8   1
12673     458    1526     200     200   7.1   1
12674    1820    1657     200     200   8.4   1
12675    3124    1665     200     200   9.6   1
12704    2746    1697     200     200   3.8   1
12709    2854    1679     200     200   4.7   1
12814    3427    1739     200     200   6.2   1
12815    3085    1858     200     200   5.3   1
12816    2827    1929     200     200   3.6   1
12817    2634    1972     200     200   4.0   1
12859    2355    1920     200     200   4.9   1
12860    2608    1894     200     200   6.6   1
12948    2973    1735     200     200   6.2   1
12985    3371    1812     200     200   5.1   1
12986    3004    1831     200     200   4.7   1
12987    2742    1856     200     200   3.8   1
12988    2538    1884     200     200   3.6   1
13052    3663    1634     200     200   8.2   1
13053    3484    1581     200     200   4.9   1
13054    3323    1510     200     200   5.2   1
13055    3169    1460     200     200   5.2   1
13056    3024    1435     200     200   8.8   1
13057    2881    1412     200     200   5.4   1
13059    2614    1397     200     200  13.4   1
13060    2493    1404     200     200   3.2   1
13061    2377    1409     200     200   4.0   1
13062    2263    1409     200     200   5.0   1
13063    2154    1413     200     200   3.8   1
13064    2048    1421     200     200   5.9   1
13065    1941    1429     200     200   4.0   1
13068    1630    1432     200     200   4.8   1
13069    1530    1432     200     200   5.4   1
13070    1437    1427     200     200   7.3   1
13071    1351    1415     200     200   7.4   1
13072    1276    1405     200     200   8.0   1
13074    1138    1432     200     200   4.9   1
13075    1078    1475     200     200   7.6   1
13078     873    1564     200     200   5.3   1
13089     771    1688     200     200   3.6   1
13096    1074    1698     200     200   5.4   1
13097    1127    1697     200     200   6.3   1
13098    1186    1699     200     200   5.9   2
13098    3574    1673     200     200   4.5   2
13099    1246    1704     200     200   5.4   1
13100    1303    1713     200     200   5.1   1
13102    1410    1733     200     200   4.9   1
13103    1474    1737     200     200   5.3   1
13105    1620    1741     200     200   4.7   1
13106    1695    1750     200     200   5.3   1
13107    1770    1756     200     200   5.7   1
13108    1843    1761     200     200   5.3   1
13109    1910    1767     200     200   5.3   1
13110    1970    1771     200     200   3.7   1
13113    2075    1750     200     200   3.2   1
13115    2091    1736     200     200   3.6   1
13116    2091    1738     200     200   4.4   1
13117    2079    1741     200     200   3.7   1
13118    2056    1743     200     200   4.5   1
13119    2026    1738     200     200   7.6   1
13120    1986    1720     200     200   7.0   1
13121    1942    1714     200     200   8.3   1
13122    1896    1705     200     200   7.0   1
13123    1828    1702     200     200  10.0   1
13124    1738    1679     200     200  11.4   1
13125    1623    1619     200     200  12.5   1
13126    1479    1525     200     200  15.6   1
13127    1309    1418     200     200   9.3   1
13128    1117    1314     200     200  11.4   1
13129     917    1242     200     200   6.2   1
13130     724    1195     200     200  12.0   1
13131     558    1173     200     200   8.8   1
13132     436    1174     200     200   4.0   1
13134     212    1160     200     200   5.0   1
13135     113    1148     113     200   5.6   1
13147    3423    1924     200     200   3.6   2
13147    1777    1874     200     200   9.4   2
13148    1220    1828     200     200   5.0   1
13277     189    1529     189     200   4.6   1
13278     108    1536     108     200   3.5   1
13284    1657    1784     200     200   3.5   1
13285    1637    1766     200     200   5.5   1
13286    1593    1747     200     200   7.0   1
13288    1474    1729     200     200   5.9   1
13291    1294    1723     200     200   3.6   1
13292    1237    1713     200     200   3.3   1
13296    1043    1660     200     200   3.2   1
13303     658    1639     200     200   6.6   1
13306     495    1568     200     200   5.6   1
13307     423    1542     200     200   5.1   1
13308     337    1495     200     200   4.2   1
13311      19    1360      19     200   3.6   1
13349     763    1832     200     200   4.5   1
13557    3216    1534     200     200   3.8   1
13611     673    1814     200     200   4.3   1
13951    3294    1740     200     200   3.6   1
14085     795    1759     200     200   3.3   1
14086    1235    1450     200     200   4.9   1
14205    2859    1942     200     200   8.1   1
14323    1865    1965     200     200   7.9   1
14324    2365    1951     200     200   8.4   1
14370     766    1786     200     200   5.0   1
14384    1343    1938     200     200   7.6   1
14409    2953    1698     200     200   5.6   1
14420    3735    1198     200     200   7.6   1
14423    3597    1202     200     200   8.4   1
14426    3463    1206     200     200   6.6   1
14432    3224    1208     200     200   7.0   1
14433    3185    1207     200     200   7.0   1
14435    3114    1208     200     200   7.1   1
14436    3079    1209     200     200   7.4   1
14439    2978    1211     200     200   8.1   1
14442    2885    1214     200     200   8.3   1
14445    2803    1227     200     200   7.3   1
14448    2730    1239     200     200   6.8   1
14451    2666    1252     200     200   5.1   1
14454    2603    1270     200     200   6.2   1
14457    2543    1293     200     200   4.8   1
14460    2481    1318     200     200   5.7   1
14463    2428    1347     200     200   3.3   1
14541     891    1666     200     200   3.8   1
14544     828    1646     200     200   4.4   1
14549     736    1629     200     200   4.2   1
14663     244    1878     200     200   3.9   1
14664     151    1703     151     200   4.1   1
14769    1490    1168     200     200   5.7   1
14770     839    1015     200     200   5.9   1
15061    1026    1715     200     200   6.4   1
15074    3189    1778     200     200   5.0   1
15077    3306    1760     200     200   4.5   1
15079    1479    1587     200     200   3.6   1
15087    3669    1609     200     200   4.0   1
15090    3778    1547     200     200   3.6   1
15183    1242    1683     200     200  11.9   1
15294      79    1736      79     200  13.3   1
15541     793    1915     200     200   7.1   1
15542    1528    1910     200     200   7.3   1
15543    2297    1947     200     200   9.2   1
15574    1917    1930     200     200   5.1   1
15630     651    1875     200     200   5.3   1
15729    1250    1537     200     200   3.6   1
15730     440    1857     200     200   3.9   1
15807    1384    1870     200     200   4.9   1
15808    1431    1806     200     200   5.7   1
15809    1453    1737     200     200   7.3   1
15810    1582    1630     200     200   8.8   1
15811    1881    1372     200     200   3.9   1
15812    2693     955     200     200   6.3   1
15849    2004    1683     200     200   3.6   1

