   14    1117    1475   5.3   2
   14    3628     785   7.9   2
   15    1048    1478   5.3   2
   15    3539    1049   8.8   2
   16     970    1483   6.0   2
   16    3431    1260   5.8   2
   17     883    1491   6.0   2
   17    3293    1428   4.7   2
   18    3129    1553   7.6   2
   18     785    1499   6.0   2
   19    2953    1637  10.8   2
   19     676    1508   7.8   2
   20    2782    1688  13.3   2
   20     555    1518   6.6   2
   21    2643    1740  10.9   3
   21     419    1525   5.9   3
   21      38    1159  17.0   3
   22    2512    1809  14.1   3
   22     266    1525   4.4   3
   22     285    1399   8.1   3
   23    2375    1847  10.9   3
   23     439    1549  14.3   3
   23      96    1507   4.3   3
   24    2236    1875  15.7   2
   24     516    1616   6.5   2
   25    2095    1877  14.7   2
   25     527    1617  10.3   2
   26    1954    1862  10.5   2
   26     500    1596   6.8   2
   27    1812    1820   8.6   2
   27     446    1571   8.1   2
   28    1684    1770  11.0   2
   28     369    1528   7.4   2
   29    1552    1735   9.1   2
   29     275    1478   3.7   2
   30    1418    1703   6.5   2
   30     161    1423   8.5   2
   31    1284    1682   9.5   2
   31       6    1368   4.5   2
   32    1141    1678   7.6   1
   33     991    1686  11.5   1
   34     826    1702  11.1   1
   35     636    1723   7.3   1
   36     425    1779   5.2   1
   37     186    1846  10.6   1
   55    2146      31   9.2   2
   55	  852    1668   9.0   2
   56    2168      94   6.9   2
   56	  876    1665   6.9   2
   57    2188     155   6.8   2
   57	  896    1663   6.8   2
   58    2212     215   9.3   2
   58	  923    1662   9.3   2
   59    2227     274   5.8   2
   59	  943    1657   5.8   2
   60    2253     332   5.8   2
   60	  971    1658   5.8   2
   61    2263     390   4.4   2
   61	  992    1656   4.4   2
   62    2287     442   4.4   2
   62	 1017    1652   4.4   2
   63    2305     499   4.4   2
   63	 1038    1650   4.4   2
   64    2322     546   4.4   2
   64	 1060    1643   4.4   2
   65    2345     594   4.4   2
   65	 1087    1637   4.4   2
   66	 1105    1632   4.4   1
   67	 1129    1625   4.4   1   
   68    2403     722   4.4   2   
   68	 1150    1618   4.4   2
   69    2420     766   4.4   2   
   69	 1169    1610   4.4   2
   70    2476     814   4.4   2   
   70	 1194    1603   4.4   2
   71    2454     860   4.4   2   
   71	 1212    1596   4.4   2
   72    2468     897   4.4   2   
   72	 1235    1589   4.4   2
   73    2473     933   4.4   2   
   73	 1256    1584   4.4   2 
   74    2486     965   4.4   2 
   74	 1280    1578   4.4   2
   75    2495     996   4.4   2 
   75	 1305    1573   4.4   2	  
   76    2500    1029   4.2   2
   76    1330    1568   4.2   2
   77    2508    1058   4.2   2
   77    1358    1561   4.2   2
   78    2513    1087   4.2   2
   78    1382    1555   4.2   2
   79    2517    1115   4.2   2
   79    1410    1548   4.2   2
   80    2517    1115   4.2   2
   80    1410    1548   4.2   2  
   81    2527    1166   4.5   2
   81    1469    1540   4.5   2
   82    2530    1188   4.5   2
   82    1503    1537   4.5   2
   83    2536    1206   4.5   2
   83    1531    1532   4.5   2
   84    2534    1228   4.5   2
   84    1566    1525   4.5   2
   85    2538    1245   4.5   2
   85    1597    1519   4.5   2   
   86    1630    1508   3.6   1
   87    1659    1494   3.6   1
   88    1688    1485   3.6   1   
   89    1714    1470   3.5   1
   90    1738    1458   3.5   1  
   91    1761    1444   3.3   1
   92    1781    1432   3.3   1
   93    1800    1422   3.6   1
   94    1818    1413   3.7   1
   95    1838    1406   4.5   1
   96    1859    1401   5.3   1
   97    1880    1396   4.1   1
   98    1903    1390   5.4   1
   99    1925    1384   3.6   1
  100    1951    1378   5.5   1
  101    1976    1370   4.7   1
  102    2002    1361   4.4   1
  103    2030    1351   6.6   1
  104    2058    1339   4.0   1
  105    2085    1325   5.4   1
  106    2116    1308   5.2   1
  107    2143    1290   4.6   1
  108    2176    1271   6.8   1
  109    2210    1248   4.3   1
  110    2242    1223   4.5   1
  111    2281    1197   6.4   1
  112    2316    1171   5.1   1
  113    2353    1141   5.9   1
  114    2404    1113   5.7   1
  115    2447    1077   6.0   1
  116    2503    1039   7.5   1
  117    2563    1001   4.7   1
  118    2627     955   3.9   1
  119    2702     912   8.0   1
  120    2776     862   7.6   1
  121    2863     811   4.9   1
  122    2956     752   9.1   1
  123    3042     682   8.1   1
  124    3147     610  10.7   1
  125    3247     522  10.5   1
  126    3355     427  13.6   1
  127    3472     322  11.4   1
  128    3593     215  14.9   1
  129    3722      95  11.5   1  
  350    1810    1996   3.8   1  
  351    1085    1913   3.8   1
  352     179    1938   3.8   1  
  975     934    1983   5.6   1  
  976    1275    1961   5.6   1
  977    1692    1946   5.6   1
  978    2111    1973   5.0   1
  979    2559    1937   3.8   2
  979    2950    1700   3.8   2
  980    3027    1683   3.8   2
  980    2978    1697   3.8   2
  981    3006    1692   3.8   2
  981    3494    1728   3.8   2
  982    3034    1690   3.4   1
  983    3062    1685   3.4   1  
  984    3089    1680   3.4   1
  985    3118    1676   3.4   1
  986    3147    1672   3.4   1
  987    3175    1669   3.4   1  
  988    3204    1665   3.5   1
  989    3234    1660   3.5   1
  990    3264    1657   3.5   1
  991    3292    1653   3.5   1    
  992    3322    1648   3.3   1
  993    3353    1644   3.9   1
  994    3383    1641   3.9   1
  995    3416    1637   3.9   1
  996    3448    1635   3.9   1
  997    3481    1630   3.9   1
  998    3515    1627   3.9   1
  999    3549    1622   3.9   1
 1000    3583    1617   3.7   1
 1001    3619    1611   3.6   1
 1002    3655    1606   3.2   1
 1003    3693    1601   3.6   1
 1004    3731    1596   3.6   1
 1005    3770    1591   3.6   1
 1006    3809    1588   3.6   1
 1049     201    1777   3.5   1
 1050     382    1769   3.8   1
 1051     569    1734   3.3   1
 1053     915    1634   4.3   1
 1054    1090    1566   4.3   1
 1055    1281    1479   4.9   1
 1056    1485    1382   4.2   1
 1057    1704    1267   4.1   1
 1058    1943    1123   4.1   1
 1059    2201     975   4.1   1
 1060    2491     829   4.1   1
 1061    2806     675   4.1   1
 1062    3140     557   4.1   1
 1063    3409     460   4.1   1
 1064    3651     404   4.1   1
 1527    3828    1585   3.9   1
 1530    3730    1593   3.9   1
 1533    3458    1569   5.3   1
 1534    3600    1600   5.3   1
 1537    3506    1607   5.1   1
 1539    3447    1614   5.1   1
 1540    3419    1616   4.7   1
 1543    3338    1628   4.7   1
 1559    2390    2017   4.3   1
 1560    2103    1897   4.3   1
 1561    1823    1791   4.0   1
 1562    1454    1694   4.0   1
 1613    1120    1857   3.3   1
 1614    1276    1844   5.0   1
 1615    1548    1797   6.7   1
 1616    2163    1707   3.6   1
 1617    3557    1398   8.3   1
 2006    1002    1929   3.2   1
 2007    1379    1890   6.6   1
 2008    1998    1863   8.3   2
 2008    2816     604   8.3   2 
 2009    2852    1850   6.8   2
 2009    2780     673   6.8   2
 2010    2728     776   3.6   1 
 2011    2668     882   3.6   1 
 2012    2606     951   3.6   1
 2013    2544    1016   3.6   1
 2014    2471    1095   3.6   1
 2015    2394    1172   3.6   1
 2016    2310    1217   3.6   1
 2017    2242    1239   3.7   1
 2018    2186    1275   4.4   1
 2019    2130    1314   4.4   1
 2020    2066    1370   4.3   1
 2021    1993    1406   4.2   1
 2022    1928    1441   4.0   1
 2023    1881    1455   5.3   1
 2024    1835    1464   4.2   1
 2025    1777    1492   3.6   1
 2027    1677    1542   4.6   1
 2028    1646    1553   3.5   1
 2029    1599    1590   4.3   1
 2030    1540    1629   3.3   1
 2031    1493    1641   3.6   1
 2032    1464    1658   4.0   1
 2033    1436    1680   4.0   1
 2034    1402    1728   4.0   1
 2035    1352    1773   3.6   1
 2036    1301    1836   4.5   1
 2037    1247    1878   3.5   1
 2038    1187    1893   3.5   1
 2039    1128    1910   3.6   1
 2040    1072    1941   3.6   1
 2041    1007    1992   3.6   1
 2042     940    2034   3.6   1
 2053    2325    2072   7.6   1
 2054    1852    1977   7.6   1
 2055    1349    1976   7.6   1
 2088    3831    1665   4.7   1
 2089    3794    1663   4.7   1
 2090    3759    1659   4.7   1
 2091    3722    1657   4.7   1
 2092    3686    1655   4.7   1
 2093    3650    1652   6.7   1
 2094    3608    1650   6.7   1
 2095    3569    1646   6.7   1
 
 2096    3529    1643   8.9   1
 2097    3485    1647   4.3   1
 2098    3444    1636   5.1   1
 2099    3400    1639   7.4   1
 2100    3355    1643   5.4   1
 2101    3314    1637   8.1   1
 2102    3270    1636   8.1   1
 2103    3227    1641   3.9   1
 2104    3186    1640   8.5   1
 2105    3146    1647   4.6   1
 2106    3103    1649   4.6   1
 2107    3065    1653   4.4   1
 2108    3024    1660   6.7   1
 2109    2982    1658   4.7   1
 2110    2944    1665   4.7   1
 2111    2905    1672   4.8   1
 2112    2864    1668   5.3   1
 2113    2826    1676   5.3   1
 2114    2787    1679   5.3   1
 2115    2748    1678   4.6   1
 2116    2711    1687   3.7   1
 2117    2673    1688   3.7   1
 2118    2633    1687   4.0   1
 2119    2596    1695   4.5   1
 2120    2557    1690   5.0   1
 2121    2520    1693   5.0   1
 2122    2482    1694   5.0   1
 2123    2445    1688   4.0   1
 2124    2408    1687   4.0   1
 2125    2371    1686   4.0   1
 2126    2335    1682   5.9   1
 2127    2300    1681   3.3   1
 2128    2264    1674   3.3   1
 2129    2230    1673   3.3   1
 2130    2196    1677   5.7   1
 2131    2163    1678   5.0   1
 2132    2129    1684   5.7   1
 2133    2094    1684   4.6   1
 2134    2062    1692   4.6   1
 2135    2027    1698   4.6   1
 2136    1991    1696   4.4   1
 2137    1956    1702   4.4   1
 2138    1921    1704   4.4   1
 2139    1885    1709   4.4   1
 2140    1849    1715   4.4   1
 2141    1811    1717   3.7   1
 2142    1776    1725   4.9   1
 2143    1738    1729   4.9   1
 2144    1701    1731   4.9   1
 2145    1662    1737   4.0   1
 2146    1622    1731   5.3   1
 2147    1585    1736   5.3   1
 2148    1545    1733   5.3   1
 2149    1507    1730   6.2   1
 2150    1472    1726   5.3   1
 2151    1435    1714   5.3   1
 2152    1401    1706   5.3   1
 2153    1367    1698   5.3   1
 2154    1335    1687   5.3   1
 2155    1301    1682   5.3   1
 2156    1269    1671   5.3   1
 2157    1236    1665   5.3   1
 2158    1205    1658   5.3   1 
 2159    1171    1651   4.0   1
 2160    1141    1647   4.1   1 
 2161    1109    1638   5.8   1
 2162    1080    1633   5.8   1
 2163    1047    1628   5.8   1
 2164    1015    1625   6.1   1
 2165     986    1626   4.1   1
 2166     954    1618   7.6   1
 2167     926    1615   7.6   1
 2168     897    1611   7.6   1
 2169     870    1609   6.7   1
 2170     844    1609   6.7   1
 2171     821    1607   7.2   1
 2172     801    1609   7.2   1
 2173     780    1610   3.9   1
 2211     330    1614   3.5   1
 2212     312    1609   3.5   1
 2213     294    1602   3.5   1
 2214     272    1595   3.5   1
 2214     251    1586   3.5   1
 2238      13    1495   5.7   1
 2241      91    1505   7.3   1
 2242     126    1512   7.3   1
 2243     158    1512   6.3   1
 2244     194    1515   4.0   1
 2245     235    1519   4.0   1
 2246     276    1520   6.5   1
 2247     318    1523   6.5   1
 2248     361    1526   6.5   1
 2249     402    1530   6.5   1
 2250     443    1533   6.5   1
 2251     484    1529   6.5   1
 2252     518    1538   6.5   1
 2253     557    1535   6.5   1
 2254     594    1531   6.5   1
 2255     620    1538   6.5   1
 2256     655    1529   6.5   1
 2262    1935     883   3.2   1
 2263    1987     992   3.2   1
 2264    2075    1088   3.2   1
 2265    2165    1179   3.2   1
 2266    2259    1265   3.2   1
 2267    2364    1338   3.2   1
 2268    2501    1405   3.2   1
 2269    2637    1452   3.2   1
 2270    2789    1501   3.2   1
 2271    2957    1551   3.2   1
 2272    3122    1591   3.2   1
 2273    3250    1639   3.2   1
 2274    3384    1684   3.2   1
 2275    3487    1715   3.2   1
 2276    3512    1752   3.2   1
 2277    3471    1779   3.2   1
 2278    3401    1792   3.2   1
 2279    3308    1791   3.2   1
 2280    3213    1791   3.8   1
 2281    3102    1797   3.8   1
 2282    3007    1789   3.6   1
 2283    2923    1785   3.6   1
 2284    2847    1775   3.6   1
 2285    2779    1757   3.6   1
 2286    2730    1738   3.6   1
 2287    2672    1719   3.6   1
 2288    2610    1704   3.6   1
 2289    2550    1699   3.6   1
 2290    2473    1700   3.6   1
 2291    2390    1691   3.6   2
 2291     967    1793   3.6   2
 2292    2310    1664   3.6   1
 2293    2213    1652   3.6   1
 2294    2144    1648   3.6   2
 2294    1014    1791   3.6   2
 2295    2099    1653   3.6   2
 2295    1029    1792   3.6   2
 2296    2040    1645   3.6   2
 2296    1045    1793   3.6   2
 2297    1972    1641   3.6   2
 2297    1061    1792   3.6   2
 2298    1911    1641   3.6   1
 2299    1848    1647   3.6   1
 2300    1786    1662   3.6   1
 2301    1721    1699   3.6   1
 2302    1648    1740   3.6   1
 2303    1590    1757   3.6   1
 2304    1518    1753   3.6   2
 2304    1176    1792   3.6   2
 2305    1428    1759   3.6   2
 2305    1191    1792   3.6   2
 2306    1342    1760   3.6   2
 2306    1208    1792   3.6   2
 2307    1265    1747   3.6   2
 2307    1224    1792   3.6   2
 2308    1195    1719   3.6   2
 2308    1240    1791   3.6   2
 2309    1114    1694   3.6   2
 2309    1256    1790   3.6   2
 2310    1054    1662   3.6   2
 2310    1272    1790   3.6   2
 2311    1054    1662   3.6   2
 2311    1272    1790   3.6   2
 2317    2857    2094   5.1   1
 2318    2757    2014   5.1   1
 2319    2688    1957   5.1   1
 2320    2625    1907   6.8   1
 2321    2571    1868   5.6   1
 2322    2523    1836   4.4   1
 2323    2486    1813   3.5   1
 2324    2486    1813   3.5   1
 2325    2449    1752   3.5   1
 2326    2437    1732   3.5   1
 2327    2430    1710   3.5   2
 2327    1532    1759   3.5   2
 2328    2428    1684   3.5   2
 2328    1546    1756   3.5   2
 2329    2418    1647   3.5   2
 2329    1560    1752   3.5   2
 2330    2405    1608   3.5   2
 2330    1575    1750   3.5   2
 2331    2389    1565   3.5   2
 2331    1590    1747   3.5   2
 2332    2363    1524   3.5   2
 2332    1603    1745   3.5   2
 2333    2322    1490   3.5   2
 2333    1619    1744   3.5   2
 2334    2273    1448   3.5   2
 2334    1634    1742   3.5   2
 2388    2483    1547   3.8   1
 2389    2502    1541   3.3   1
 2390    2522    1534   3.3   1
 2391    2543    1529   3.3   1
 2392    2563    1521   3.3   1
 2393    2584    1514   3.6   1
 2394    2605    1507   3.6   1
 2395    2625    1499   3.6   1
 2396    2646    1490   3.6   1
 2397    2667    1481   3.6   1
 2398    2687    1471   3.7   1
 2399    2709    1461   3.7   1
 2400    2732    1452   4.1   1
 2401    2755    1443   3.8   1
 2402    2780    1434   3.8   1
 2403    2804    1425   3.2   1
 2404    2829    1416   4.3   1
 2405    2854    1406   4.1   1
 2406    2878    1397   3.6   1
 2407    2903    1388   3.6   1
 2408    2929    1378   4.1   1
 2409    2957    1368   4.8   1
 2410    2986    1358   4.5   1
 2411    3016    1348   3.9   1
 2412    3048    1338   4.3   1
 2413    3080    1328   4.4   1
 2414    3114    1317   4.0   1
 2415    3148    1306   4.1   1
 2416    3182    1294   5.1   1
 2417    3219    1281   4.1   1
 2418    3257    1268   4.8   1
 2419    3297    1256   5.0   1
 2420    3339    1244   4.4   1
 2421    3383    1232   3.9   1
 2423    3475    1207   3.5   1
 2424    3523    1194   3.5   1
 2425    3572    1180   3.5   1
 2426    3622    1165   3.5   1
 2427    3672    1150   3.5   1
 2428    3725    1131   3.5   1
 2429    3778    1116   3.4   1
 2430    3832    1098   3.8   1
 2726       7     944   8.0   1
 2727      34     967   5.7   2
 2727      72     960   6.9   2
 2728      96     981   4.5   2
 2728     132     975   6.4   2
 2729     155     996   4.3   2
 2729     187     992   4.5   2
 2730     212    1011   4.6   2
 2730     238    1011   3.7   2
 2731     266    1027   5.4   2
 2731     284    1030   5.4   2
 2732     317    1043   6.1   2
 2732     325    1049   6.1   2
 2733     367    1059   6.0   2
 2733     366    1070   6.0   2
 2734     412    1077   7.2   2
 2734     404    1093   7.2   2
 2735     439    1116   7.7   2
 2735     451    1094   7.4   2
 2736     474    1137   7.1   2
 2736     488    1115   7.4   2
 2737     507    1159   6.3   2
 2737     521    1137   9.1   2
 2738     533    1180   6.2   2
 2738     551    1159  10.1   2
 2739     556    1201   4.4   2
 2739     580    1181  11.8   2
 2740     574    1219   3.5   2
 2740     604    1202  10.0   2
 2741     623    1221   7.5   2
 2741     587    1236   5.5   2
 2742     641    1238   7.5   2
 2742     594    1253   5.5   2
 2743     651    1255   7.5   2
 2743     597    1269   5.5   2
 2744     654    1272   7.5   2
 2744     596    1284   5.5   2
 2745     658    1286   6.5   2
 2745     590    1296   5.5   2
 2746     650    1299   7.5   2
 2746     578    1308   5.5   2
 2747     642    1311   4.0   2
 2747     563    1319   4.0   2
 2748     625    1325   5.2   2
 2748     547    1328   5.2   2
 2749     613    1336   6.7   2
 2749     525    1337   6.7   2
 2750     598    1350   6.7   2
 2750     501    1346   6.7   2
 2751     585    1361   4.1   2
 2751     477    1354   4.1   2
 2752     568    1373   5.3   2
 2752     451    1362   5.3   2
 2753     552    1383   5.3   2
 2753     428    1362   5.3   2
 2754     534    1392   3.9   2
 2754     408    1380   3.9   2
 2755     515    1401   3.9   2
 2755     388    1389   3.9   2
 2756     494    1409   3.9   2
 2756     372    1398   3.9   2
 2757     472    1415   3.9   2
 2757     358    1406   3.9   2
 2758     451    1422   3.9   2
 2758     347    1414   3.9   2
 2759     433    1429   3.9   2
 2759     340    1422   3.9   2
 2760     412    1436   3.9   2
 2760     334    1430   3.9   2
 2761     391    1442   3.9   2
 2761     332    1437   3.9   2
 2762     373    1447   3.9   2
 2762     332    1441   3.9   2
 2763     358    1451   3.9   2
 2763     330    1442   3.9   2
 2764     348    1451   3.9   2
 2764     330    1442   3.9   2
 2765     342    1450   3.5   2
 2765     331    1442   3.5   2
 2766     339    1452   4.6   2
 2766     331    1441   3.6   2
 2767     341    1455   4.9   2
 2767     331    1443   4.9   2
 2768     347    1461   4.0   2
 2768     332    1447   4.0   2
 2769     352    1466   4.0   2
 2769     333    1452   4.0   2
 2770     359    1473   3.5   2
 2770     337    1459   3.5   2
 2771     370    1482   4.4   2
 2771     342    1467   4.4   2
 2772     379    1492   4.1   2
 2772     350    1476   4.1   2
 2773     392    1502   4.9   2
 2773     359    1487   5.0   2
 2774     406    1515   5.0   2
 2774     371    1499   3.4   2
 2775     423    1530   4.2   2
 2775     386    1511   4.2   2
 2776     442    1545   5.2   2
 2776     402    1525   5.2   2
 2777     462    1559   6.3   2
 2777     423    1540   5.0   2
 2778     485    1573   6.1   2
 2778     443    1555   5.6   2
 2779     509    1586   6.0   2
 2779     466    1569   5.9   2
 2780     535    1598   4.0   2
 2780     491    1582   5.8   2
 2781     563    1610   6.3   2
 2781     518    1594   6.3   2
 2782     595    1620   4.5   2
 2782     547    1605   6.0   2
 2783     624    1628   4.7   2
 2783     578    1616   5.1   2
 2784     654    1636   4.0   2
 2784     608    1624   4.1   2
 2785     685    1642   4.0   2
 2785     640    1631   3.8   2
 2786     715    1648   5.0   2
 2786     673    1637   4.2   2
 2787     745    1653   4.0   2
 2787     705    1641   3.8   2
 2788     774    1658   3.9   2
 2788     736    1645   4.3   2
 2789     803    1661   4.4   2
 2789     767    1648   4.3   2
 2790     832    1664   6.0   2
 2790     799    1650   4.9   2
 2791     861    1667   5.7   2
 2791     830    1652   6.8   2
 2792     889    1670   6.0   2
 2792     862    1655   6.0   2
 2793     919    1674   6.0   2
 2793     893    1657   3.8   2
 2794     949    1677   6.5   2
 2794     923    1660   4.5   2
 2795     979    1680   6.0   2
 2795     955    1662   5.9   2
 2796    1010    1680   5.9   2
 2796     985    1665   6.1   2
 2797    1041    1682   5.5   2
 2797    1016    1668   6.2   2
 2798    1073    1682   4.7   2
 2798    1047    1671   4.6   2
 2799    1104    1683   3.7   2
 2799    1079    1673   5.0   2
 2800    1135    1682   3.6   2
 2800    1110    1674   4.6   2
 2801    1166    1681   3.7   2
 2801    1140    1675   3.7   2
 2802    1195    1679   3.8   2
 2802    1171    1675   3.6   2
 2803    1224    1676   3.8   2
 2803    1202    1674   3.6   2
 2804    1253    1674   5.9   2
 2804    1232    1671   4.3   2
 2805    1281    1672   5.2   2
 2805    1261    1668   5.2   2
 2806    1309    1669   3.7   2
 2806    1290    1665   3.7   2
 2807    1337    1666   3.3   2
 2807    1318    1664   3.3   2
 2808    1364    1666   3.2   2
 2808    1344    1663   3.2   2
 2809    1392    1666   3.9   2
 2809    1373    1664   3.9   2
 2810    1419    1666   4.2   2
 2810    1400    1663   4.2   2
 2811    1449    1668   4.1   2
 2811    1428    1664   4.1   2
 2812    1475    1671   3.5   2
 2812    1456    1666   3.5   2
 2813    1503    1674   3.8   2
 2813    1484    1669   3.0   2
 2814    1531    1676   5.2   2
 2814    1511    1671   5.2   2
 2815    1559    1678   5.5   2
 2815    1539    1675   6.4   2
 2816    1587    1681   5.4   2
 2816    1567    1678   6.8   2
 2817    1616    1685   5.7   2
 2817    1595    1682   6.6   2
 2818    1643    1691   6.2   2
 2818    1623    1685   5.9   2
 2819    1672    1695   6.3   2
 2819    1651    1689   5.9   2
 2820    1699    1699   7.1   2
 2820    1679    1693   5.2   2
 2821    1727    1705   3.5   2
 2821    1707    1697   3.5   2
 2822    1753    1711   5.0   2
 2822    1736    1702   5.0   2
 2823    1778    1717   3.6   2
 2823    1763    1706   3.6   2
 2824    1802    1722   3.8   2
 2824    1793    1710   3.8   2
 2825    1828    1728   4.0   2
 2825    1820    1713   4.0   2
 2826    1852    1732   3.9   2
 2826    1848    1717   3.9   2
 2827    1876    1739   3.4   2
 2827    1877    1720   3.4   2
 2828    1898    1743   5.0   2
 2828    1905    1724   5.5   2
 2829    1921    1748   6.5   2
 2829    1934    1726   6.1   2
 2830    1944    1754   5.2   2
 2830    1962    1729   5.7   2
 2831    1968    1759   5.6   2
 2831    1990    1731   5.8   2
 2832    1993    1764   6.3   2
 2832    2018    1733   5.4   2
 2833    2019    1769   6.8   2
 2833    2045    1736   6.1   2
 2834    2046    1773   6.6   2
 2834    2072    1738   5.6   2
 2835    2074    1777   5.8   2
 2835    2099    1740   4.7   2
 2836    2103    1781   6.3   2
 2836    2129    1742   4.2   2
 2837    2132    1785   5.3   2
 2837    2157    1745   5.6   2
 2838    2161    1789   5.5   2
 2838    2185    1748   6.1   2
 2839    2191    1793   5.5   2
 2839    2214    1751   6.2   2
 2840    2221    1796   4.7   2
 2840    2245    1753   5.3   2
 2841    2252    1800   5.7   2
 2841    2277    1754   4.9   2
 2842    2282    1803   5.4   2
 2842    2309    1753   4.9   2
 2843    2312    1805   4.9   2
 2843    2341    1751   5.3   2
 2844    2343    1808   4.6   2
 2844    2376    1748   6.7   2
 2845    2373    1809   5.5   2
 2845    2410    1744   7.3   2
 2846    2403    1810   4.7   2
 2846    2444    1740   7.5   2
 2847    2434    1812   4.5   2
 2847    2480    1735   6.3   2
 2848    2465    1813   3.6   2
 2848    2515    1729   5.1   2
 2849    2495    1815   6.3   2
 2849    2552    1723   4.0   2
 2850    2526    1816   5.8   2
 2850    2588    1717   5.2   2
 2851    2559    1816   5.2   2
 2851    2625    1710   7.7   2
 2852    2591    1817   5.5   2
 2852    2662    1705   7.3   2
 2853    2623    1817   7.0   2
 2853    2701    1701   6.9   2
 2854    2656    1815   6.6   2
 2854    2740    1697   6.3   2
 2855    2691    1814   5.9   2
 2855    2780    1694   7.2   2
 2856     400    2035   6.2   3
 2856    2726    1811   5.2   3
 2856    2820    1690   7.4   3
 2857    2761    1809   6.4   2
 2857    2862    1687   8.3   2
 2858    2797    1805   7.5   2
 2858    2904    1683   8.7   2
 2859    2833    1801   7.1   2
 2859    2948    1678   8.6   2
 2860    2869    1797   4.9   2
 2860    2993    1672   8.7   2
 2861    2907    1792   4.6   2
 2861    3040    1665   6.8   2
 2862    2945    1786   6.7   2
 2862    3087    1658   5.8   2
 2863    2983    1781   7.4   2
 2863    3137    1651   6.8   2
 2864    3022    1776   6.7   2
 2864    3189    1643   8.0   2
 2865    3061    1772   6.8   2
 2865    3243    1636   9.2   2
 2866    3101    1767   7.4   2
 2866    3301    1629   8.8   2
 2867    3142    1763   8.6   2
 2867    3363    1622   8.9   2
 2868    3183    1759   7.9   2
 2868    3428    1615   9.0   2
 2869    3225    1754   5.9   2
 2869    3499    1608   9.0   2
 2870    3269    1749   5.7   2
 2870    3575    1600   8.5   2
 2871    3314    1745   6.5   2
 2871    3656    1592   9.7   2
 2872    3360    1741   6.1   2
 2872    3740    1582  10.3   2
 2873    3406    1736   6.4   2
 2873    3830    1572  10.2   2
 2874    3453    1730   7.0   1
 2875    3503    1724   7.6   1
 2876    3555    1718   7.6   1
 2877    3608    1711   8.1   1
 2878    3664    1705   7.3   1
 2879    3724    1699   7.0   1
 2880    3787    1693   8.6   1
 2963    2119    1678   3.3   1
 2964    2134    1677   3.3   1
 2965    2150    1677   3.3   1
 2966    2167    1677   3.3   1
 2967    2182    1676   3.3   1
 2968    2198    1675   3.3   1
 2969    2214    1675   3.3   1
 2970    2229    1674   3.3   1
 2998    2240    1581   4.3   1
 3001    2193    1578   4.5   1
 3004    2141    1579   3.8   1
 3006    2107    1583   3.6   1
 3007    2090    1586   4.5   1
 3040    2067    1621   4.0   1
 3041    2084    1618   3.8   1
 3042    2101    1616   4.2   1
 3043    2117    1612   3.6   1
 3044    2132    1609   3.3   1
 3045    2146    1607   3.6   1
 3066    2091    1563   5.3   1
 3069    2047    1559   5.2   1
 3082     174    1893   3.6   1
 3141    2835    1874   4.3   1
 3333    3004      45   5.6   1
 3334    2951     118   6.2   1
 3335    2888     183   3.6   1
 3336    2837     254   5.5   1
 3337    2798     310   8.4   1
 3338    2742     351   6.7   1
 3339    2721     411   7.2   1
 3340    2694     449   4.6   1
 3341    2707     504   6.1   1
 3342    2693     561   5.7   1
 3344    2692     672   6.0   1
 3345    2689     735   5.9   1
 3346    2685     791   6.7   1
 3347    2651     828   6.7   1
 3348    2649     894   7.0   1
 3349    2624     928   6.1   1
 3350    2606     951   6.1   1
 3351    2614     991   6.1   1
 3352    2583    1039   6.1   1
 3353    2577    1080   6.1   1
 3355    2513    1164   4.9   1
 3357    2464    1254   6.6   1
 3359    2408    1343   5.2   1
 3360    2382    1365   3.3   1
 3364    2315    1467   5.5   1
 3366    2264    1537   4.7   1
 3367    2242    1560   5.6   1
 3373    2122    1702   3.6   1
 3822    1192    1468   4.2   1
 3823    1171    1468   4.2   1
 3824    1149    1465   4.6   1
 3826    1105    1464   4.4   1
 3827    1084    1465   4.4   1
 3828    1061    1464   4.4   1
 3831     994    1467   3.5   1
 3833     951    1468   4.6   1
 3875      30    1172  11.0   1
 3876     138    1256   4.2   1
 3877     198    1280   4.2   1
 3878     186    1317   4.2   1
 3879     162    1381  12.7   1
 3880     111    1422  6.7   1
 3881      58    1453  5.7   1
 3882       6    1482  5.7   1
 3949    1761    1185   3.9   1
 3950    1751    1184   3.9   1
 3951    1742    1186   3.9   1
 3982    2841    1267   4.1   1
 3983    2909    1249   3.6   1
 3984    2979    1227   5.9   1
 3985    3006    1200   4.1   1
 4003      61    1665   6.5   1
 4004     225    1656   6.7   1
 4005     381    1656   8.1   1
 4006     519    1655  10.3   1
 4007     628    1656   9.0   1
 4008     704    1653   3.6   1
 4009     761    1647   3.6   1
 4010     792    1638   4.2   1
 4011     822    1614   8.1   1
 4012     883    1570  10.3   1
 4013     959    1522   9.1   1
 4014    1030    1457   8.9   1
 4015    1089    1391   7.0   1
 4016    1170    1341   9.1   1
 4017    1303    1291   9.3   1
 4018    1525    1216  16.8   1
 4019    1767    1134   8.8   1
 4020    1980    1079   6.4   1
 4021    2102    1077   6.8   1
 4022    2180    1112   7.6   1
 4023    2263    1173   9.6   1
 4024    2270    1269   5.2   1
 4025    2198    1348   7.8   1
 4026    2069    1404   5.0   1
 4027    1907    1440   5.9   1
 4028    1715    1449  10.5   1
 4029    1518    1419  12.1   1
 4030    1313    1372   9.7   2
 4030     171      12   7.8   2
 4031    1105    1346  12.0   2
 4031     182      53   7.5   2
 4032     896    1276   6.9   2
 4032     184      89   7.7   2
 4033     709    1180   4.6   2
 4033     178     121   6.5   2
 4034     554    1086  13.5   2
 4034     163     146   4.9   2
 4035     142     168   3.4   2
 4035     387    1023   3.4   2
 4036     209     988   7.0   2
 4036     113     184   4.0   2
 4037       7     999   3.8   2
 4037      70     193   3.8   2
 4038      35     199   3.8   1
 4109    2203     791   3.6   1
 4110    2189     788   3.6   1
 4146    3729    1930   5.8   1
 4147    3596    1954   6.7   1
 4148    3457    1969  10.8   1
 4149    3309    1979   8.2   1
 4150    3161    1976   6.8   1
 4151    3013    1970   6.9   1
 4152    2872    1951   5.1   1
 4153    2736    1935  11.4   1
 4154    2602    1912  10.8   1
 4155    2471    1893   7.5   1
 4156    2345    1870   7.2   1
 4157    2219    1851   8.5   1
 4158    2091    1828   9.8   1
 4162    1703    1782   7.2   1
 4163    1640    1776  10.3   1
 4164    1543    1771   7.9   1
 4166    1326    1767   5.0   1
 4167    1210    1768   4.2   1
 4170     839    1733   5.7   1
 4171     709    1703   7.9   1
 4172     570    1661   8.7   1
 4173     434    1606   5.6   1
 4193     246    1790   3.9   1
 4194     381    1792   5.3   1
 4195     519    1796   5.8   1
 4196     647    1788   5.1   1
 4197     754    1774   7.7   1
 4198     833    1753   8.0   1
 4231    2601     419   3.6   1
 4232    2586     415   4.0   1
 4233    2569     411   4.2   1
 4234    2551     408   4.0   1
 4241    2441     417   3.8   1
 4290    2715     173   3.6   1
 4292    2683     163   3.9   1
 4294    2648     155   3.6   1
 4295    2629     153   3.6   1
 4300    2547     157   3.6   1
 4301    2532     161   3.8   1
 4302    2519     166   3.3   1
 4303    2507     172   3.9   1
 4304    2495     180   3.6   1
 4310    3430    1790   5.7   1
 4311    3021    1829   3.6   1
 4312    2714    1847   3.9   1
 4313    2459    1854   3.6   1
 4319    1874     975   4.6   1
 4321    1854     980   6.2   1
 4322    1839     985   7.0   1
 4323    1827     986   6.2   1
 4324    1811     987   6.8   1
 4325    1796     988   6.8   1
 4326    1782     988   7.2   1
 4327    1768     987   7.1   1
 4328    1755     985   6.2   1
 4329    1743     983   5.4   1
 4330    1733     979   4.7   1
 4331    1725     974   3.9   1
 4342    1779     847   4.4   1
 4343    1792     833   3.3   1
 4344    1807     820   3.8   1
 4345    1824     807   7.4   1
 4346    1845     795   5.9   1
 4347    1867     783   4.7   1
 4348    1892     771   6.7   1
 4349    1918     757   5.0   1
 4350    1944     744   4.4   1
 4351    1970     732   8.9   1
 4352    1998     723   6.3   1
 4353    2026     715   7.9   1
 4354    2055     708   8.6   1
 4355    2084     704   4.9   1
 4356    2115     700   9.1   1
 4357    2145     700   6.2   1
 4358    2175     701   4.7   1
 4359    2206     703   5.9   1
 4360    2234     706   5.1   1
 4397    2322     977   3.8   1
 4400    2254     984   3.6   1
 4402    2208     984   3.2   1
 4404    2163     985   7.5   1
 4405    2139     986   3.3   1
 4406    2117     988   5.7   1
 4407    2095     990   7.7   1
 4409    2052     999   6.3   1
 4410    2032    1005   5.2   1
 4411    2207    1822   3.3   1
 4412    1995    1019   5.4   1
 4454    2216    1919   3.5   1
 4458    2457    1936   3.6   1
 4563    1994    1970   5.2   1
 4622    1933    1833   5.3   1
 4623    1990    1809   5.4   1
 4624    2041    1781   4.2   1
 4625    2067    1753   4.1   1
 4626    2086    1721   8.6   1
 4627    2108    1663   7.1   1
 4628    2144    1607   5.7   1
 4629    2194    1569   7.3   1
 4630    2267    1508  10.2   1
 4631    2372    1433  11.7   1
 4632    2516    1331  14.2   1
 4633    2762    1202  14.7   1
 4634    3056    1049  10.4   1
 4635    3396     907   8.2   1
 4636    3811     786   7.5   1
 4666    1021    1484   3.3   1
 4667    1329    1504   6.3   1
 4668    1968    1639   9.5   1
 4669    3082    1857   9.7   1
 4704    3384    2141   9.0   1
 4705    3001    2108   7.0   1
 4706    2606    2072   7.0   1
 4707    2200    2042   6.0   1
 4708    1772    2006   6.0   1
 4709    1332    1395   6.0   1
 4710     788    1800   5.0   1
 4711      25    1495   4.5   1
